line -0.14000001549720764 4.0978193283081055e-08 -0.14000001549720764 0.30000001192092896
line -0.6000000238418579 4.0978193283081055e-08 -0.14000001549720764 4.0978193283081055e-08
line -0.14000001549720764 4.0978193283081055e-08 -0.14000001549720764 -0.30000001192092896
line 0.13999998569488525 4.0978193283081055e-08 0.13999998569488525 0.30000001192092896
line 0.13999998569488525 4.0978193283081055e-08 0.13999998569488525 -0.30000001192092896
line 0.13999998569488525 4.0978193283081055e-08 0.6000000238418579 4.0978193283081055e-08
line -2.500000238418579 0.0 -2.1650638580322266 1.25
line -2.1650638580322266 1.25 -1.2500004768371582 2.1650636196136475
line -1.2500004768371582 2.1650636196136475 -4.76837158203125e-07 2.500000476837158
line -4.76837158203125e-07 2.500000476837158 1.249999761581421 2.1650643348693848
line 1.249999761581421 2.1650643348693848 2.1650636196136475 1.2500009536743164
line 2.1650636196136475 1.2500009536743164 2.5000007152557373 9.5367431640625e-07
line 2.5000007152557373 9.5367431640625e-07 2.165064811706543 -1.2499994039535522
line 2.165064811706543 -1.2499994039535522 1.2500015497207642 -2.1650636196136475
line 1.2500015497207642 -2.1650636196136475 1.430511474609375e-06 -2.5000009536743164
line 1.430511474609375e-06 -2.5000009536743164 -1.2499991655349731 -2.165065050125122
line -1.2499991655349731 -2.165065050125122 -2.1650633811950684 -1.2500019073486328
line -2.1650633811950684 -1.2500019073486328 -2.500000238418579 0.0
line -1.176776647567749 0.1767766922712326 -1.0 0.25
line -1.25 -1.0927847071684482e-08 -1.176776647567749 0.1767766922712326
line -1.176776647567749 -0.1767766922712326 -1.25 -1.0927847071684482e-08
line -1.0 -0.25 -1.176776647567749 -0.1767766922712326
line -0.8232232928276062 -0.17677666246891022 -1.0 -0.25
line -0.75 2.9812201596257637e-09 -0.8232232928276062 -0.17677666246891022
line -0.8232232928276062 0.17677666246891022 -0.75 2.9812201596257637e-09
line -1.0 0.25 -0.8232232928276062 0.17677666246891022
line 0.823223352432251 0.1767766922712326 1.0 0.25
line 0.75 -1.0927847071684482e-08 0.823223352432251 0.1767766922712326
line 0.823223352432251 -0.1767766922712326 0.75 -1.0927847071684482e-08
line 1.0 -0.25 0.823223352432251 -0.1767766922712326
line 1.176776647567749 -0.17677666246891022 1.0 -0.25
line 1.25 2.9812201596257637e-09 1.176776647567749 -0.17677666246891022
line 1.176776647567749 0.17677666246891022 1.25 2.9812201596257637e-09
line 1.0 0.25 1.176776647567749 0.17677666246891022
line -0.5000000596046448 0.20000004768371582 -0.30000007152557373 0.20000004768371582
line 0.3999999761581421 0.30000004172325134 0.3999999761581421 0.1000000387430191
line 0.2999999523162842 0.20000004768371582 0.4999999403953552 0.20000004768371582
label 100uF 0.0 0.6000000834465027 0.0 0.30000001192092896
label ESR=1.2R 0.0 -0.5999999642372131 0.0 0.30000001192092896
