line 2.5999999046325684 1.3000000715255737 1.2999998331069946 2.6000001430511475
line -2.5999999046325684 1.3000000715255737 -1.2999998331069946 2.6000001430511475
line 1.2999998331069946 2.6000001430511475 -1.2999998331069946 2.6000001430511475
line 2.5999999046325684 -1.3000000715255737 1.2999998331069946 -2.6000001430511475
line -2.5999999046325684 -1.3000000715255737 -1.2999998331069946 -2.6000001430511475
line 1.2999998331069946 -2.6000001430511475 -1.2999998331069946 -2.6000001430511475
line 2.5999999046325684 1.3000000715255737 2.5999999046325684 -1.3000000715255737
line -2.5999999046325684 1.3000000715255737 -2.5999999046325684 -1.3000000715255737
line 2.6000003814697266 2.0999999046325684 2.6000003814697266 1.5999999046325684
line 3.200000286102295 1.5999999046325684 2.6000003814697266 1.5999999046325684
line 3.200000286102295 2.0999999046325684 3.200000286102295 1.5999999046325684
line 3.200000286102295 2.0999999046325684 2.6000003814697266 2.0999999046325684
line -2.6000003814697266 2.0999999046325684 -2.6000003814697266 1.5999999046325684
line -3.200000286102295 1.5999999046325684 -2.6000003814697266 1.5999999046325684
line -3.200000286102295 2.0999999046325684 -3.200000286102295 1.5999999046325684
line -3.200000286102295 2.0999999046325684 -2.6000003814697266 2.0999999046325684
line 2.500000476837158 1.8499999046325684 -2.500000476837158 1.8499999046325684
line 2.6000003814697266 -2.0999999046325684 2.6000003814697266 -1.5999999046325684
line 3.200000286102295 -1.5999999046325684 2.6000003814697266 -1.5999999046325684
line 3.200000286102295 -2.0999999046325684 3.200000286102295 -1.5999999046325684
line 3.200000286102295 -2.0999999046325684 2.6000003814697266 -2.0999999046325684
line -2.6000003814697266 -2.0999999046325684 -2.6000003814697266 -1.5999999046325684
line -3.200000286102295 -1.5999999046325684 -2.6000003814697266 -1.5999999046325684
line -3.200000286102295 -2.0999999046325684 -3.200000286102295 -1.5999999046325684
line -3.200000286102295 -2.0999999046325684 -2.6000003814697266 -2.0999999046325684
line 2.500000476837158 -1.8499999046325684 -2.500000476837158 -1.8499999046325684
line 0.0 -0.800000011920929 0.0 -1.8500001430511475
line 0.5 0.699999988079071 0.10000000149011612 -0.699999988079071
line 0.0 0.800000011920929 0.0 1.8499999046325684
line -0.10000000149011612 0.7000000476837158 0.0 0.800000011920929
line 0.0 0.6000000238418579 -0.10000000149011612 0.7000000476837158
line 0.10000000149011612 0.7000000476837158 0.0 0.6000000238418579
line 0.0 0.800000011920929 0.10000000149011612 0.7000000476837158
line -0.10000000149011612 -0.699999988079071 0.0 -0.6000000238418579
line 0.0 -0.800000011920929 -0.10000000149011612 -0.699999988079071
line 0.10000000149011612 -0.699999988079071 0.0 -0.800000011920929
line 0.0 -0.6000000238418579 0.10000000149011612 -0.699999988079071
label Momentary -0.5 0.0 1.570796251296997 0.30000001192092896
