line -1.0499999523162842 0.7900000214576721 -1.0499999523162842 0.5099999904632568
line -1.0499999523162842 0.5099999904632568 -0.6999999284744263 0.5099999904632568
line -0.6999999284744263 0.5099999904632568 -0.6999999284744263 0.7899999618530273
line 1.0499999523162842 0.14000000059604645 1.0499999523162842 -0.14000003039836884
line 1.0499999523162842 -0.14000003039836884 0.6999999284744263 -0.14000003039836884
line 0.6999999284744263 -0.14000003039836884 0.6999999284744263 0.13999994099140167
line -1.0499999523162842 -0.7900000810623169 -1.0499999523162842 -0.5100001096725464
line -0.6999999284744263 -0.5100001096725464 -1.0499999523162842 -0.5100001096725464
line -1.0499999523162842 -0.7900000810623169 -0.6999999284744263 -0.7900000810623169
line -0.6999999284744263 -0.7900000810623169 -0.6999999284744263 -0.5100001096725464
line -0.699999988079071 0.9000000357627869 -0.5999999642372131 0.9000000357627869
line -0.5999999642372131 0.9000000357627869 -0.5999999642372131 0.800000011920929
line 0.4000000059604645 0.0 0.6000000238418579 0.0
line -0.4000000059604645 0.0 -0.09999999403953552 0.30000001192092896
line -0.30000001192092896 0.30000001192092896 0.30000001192092896 0.30000001192092896
line 0.10000001639127731 0.30000001192092896 0.4000000059604645 0.0
line 0.0 0.6500000357627869 0.0 0.30000001192092896
line -0.6000000238418579 0.6500000357627869 0.0 0.6500000357627869
line -0.4000000059604645 -0.6500000357627869 -0.4000000059604645 0.0
line -0.6000000238418579 -0.6500000357627869 -0.4000000059604645 -0.6500000357627869
line -0.3500000238418579 0.20000003278255463 -0.15000002086162567 0.2500000298023224
line -0.15000002086162567 0.2500000298023224 -0.20000000298023224 0.050000034272670746
line -0.6999999284744263 0.7899999618530273 -1.0499999523162842 0.7900000214576721
line 0.6999999284744263 0.13999994099140167 1.0499999523162842 0.14000000059604645
label MMBT4403 0.5 -0.4000000059604645 0.0 0.30000001192092896
