line -0.14000001549720764 -0.29999998211860657 -0.14000001549720764 0.0
line -0.800000011920929 -0.800000011920929 0.800000011920929 -0.800000011920929
line -0.6000000238418579 -0.29999998211860657 -0.14000001549720764 -0.29999998211860657
line 1.600000023841858 0.800000011920929 1.600000023841858 -0.800000011920929
line -1.600000023841858 0.800000011920929 -0.800000011920929 0.800000011920929
line -1.600000023841858 -0.800000011920929 -1.600000023841858 0.800000011920929
line -0.800000011920929 0.800000011920929 -0.800000011920929 -0.800000011920929
line 0.800000011920929 0.800000011920929 -0.800000011920929 0.800000011920929
line -0.800000011920929 -0.800000011920929 -1.600000023841858 -0.800000011920929
line 1.600000023841858 0.800000011920929 0.800000011920929 0.800000011920929
line 0.800000011920929 -0.800000011920929 0.800000011920929 0.800000011920929
line 1.600000023841858 -0.800000011920929 0.800000011920929 -0.800000011920929
line -0.14000001549720764 -0.29999998211860657 -0.14000001549720764 -0.6000000238418579
line 0.13999998569488525 -0.29999998211860657 0.13999998569488525 0.0
line 0.13999998569488525 -0.29999998211860657 0.13999998569488525 -0.6000000238418579
line 0.13999998569488525 -0.29999998211860657 0.6000000238418579 -0.29999998211860657
label 10uF 0.0 0.40000003576278687 0.0 0.30000001192092896
