line 3.700000286102295 -35.599998474121094 3.700000286102295 -34.29999923706055
line -3.999999523162842 -35.599998474121094 3.700000286102295 -35.599998474121094
line -8.899999618530273 1.3000000715255737 8.90000057220459 1.3000000715255737
line -3.999999523162842 -34.29999923706055 -3.999999523162842 -35.599998474121094
line -8.899999618530273 -34.29999923706055 -8.899999618530273 1.3000000715255737
line 8.90000057220459 1.3000000715255737 8.90000057220459 -34.29999923706055
line -8.899999618530273 -34.29999923706055 8.90000057220459 -34.29999923706055
line 0.32000046968460083 0.3200007677078247 -0.32000046968460083 0.3200007677078247
line 0.32000046968460083 -0.3200007677078247 -0.32000046968460083 -0.3200007677078247
line 0.32000046968460083 0.3200007677078247 0.32000046968460083 -0.3200007677078247
line -0.32000046968460083 0.3200007677078247 -0.32000046968460083 -0.3200007677078247
line 2.8600003719329834 0.3200007677078247 2.2199995517730713 0.3200007677078247
line 2.8600003719329834 -0.3200007677078247 2.2199995517730713 -0.3200007677078247
line 2.8600003719329834 0.3200007677078247 2.8600003719329834 -0.3200007677078247
line 2.2199995517730713 0.3200007677078247 2.2199995517730713 -0.3200007677078247
line 5.40000057220459 0.3200007677078247 4.7599992752075195 0.3200007677078247
line 5.40000057220459 -0.3200007677078247 4.7599992752075195 -0.3200007677078247
line 5.40000057220459 0.3200007677078247 5.40000057220459 -0.3200007677078247
line 4.7599992752075195 0.3200007677078247 4.7599992752075195 -0.3200007677078247
line 7.940000534057617 0.3200007677078247 7.299999237060547 0.3200007677078247
line 7.940000534057617 -0.3200007677078247 7.299999237060547 -0.3200007677078247
line 7.940000534057617 0.3200007677078247 7.940000534057617 -0.3200007677078247
line 7.299999237060547 0.3200007677078247 7.299999237060547 -0.3200007677078247
line -2.8600003719329834 0.3200007677078247 -2.2199995517730713 0.3200007677078247
line -2.8600003719329834 -0.3200007677078247 -2.2199995517730713 -0.3200007677078247
line -2.8600003719329834 0.3200007677078247 -2.8600003719329834 -0.3200007677078247
line -2.2199995517730713 0.3200007677078247 -2.2199995517730713 -0.3200007677078247
line -5.40000057220459 0.3200007677078247 -4.7599992752075195 0.3200007677078247
line -5.40000057220459 -0.3200007677078247 -4.7599992752075195 -0.3200007677078247
line -5.40000057220459 0.3200007677078247 -5.40000057220459 -0.3200007677078247
line -4.7599992752075195 0.3200007677078247 -4.7599992752075195 -0.3200007677078247
line -7.940000534057617 0.3200007677078247 -7.299999237060547 0.3200007677078247
line -7.940000534057617 -0.3200007677078247 -7.299999237060547 -0.3200007677078247
line -7.940000534057617 0.3200007677078247 -7.940000534057617 -0.3200007677078247
line -7.299999237060547 0.3200007677078247 -7.299999237060547 -0.3200007677078247
line 7.940000534057617 -2.219999313354492 7.299999237060547 -2.219999313354492
line 7.940000534057617 -2.8600006103515625 7.299999237060547 -2.8600006103515625
line 7.940000534057617 -2.219999313354492 7.940000534057617 -2.8600006103515625
line 7.299999237060547 -2.219999313354492 7.299999237060547 -2.8600006103515625
line -7.940000534057617 -2.219999313354492 -7.299999237060547 -2.219999313354492
line -7.940000534057617 -2.8600006103515625 -7.299999237060547 -2.8600006103515625
line -7.940000534057617 -2.219999313354492 -7.940000534057617 -2.8600006103515625
line -7.299999237060547 -2.219999313354492 -7.299999237060547 -2.8600006103515625
line 7.940000534057617 -4.7599992752075195 7.299999237060547 -4.7599992752075195
line 7.940000534057617 -5.40000057220459 7.299999237060547 -5.40000057220459
line 7.940000534057617 -4.7599992752075195 7.940000534057617 -5.40000057220459
line 7.299999237060547 -4.7599992752075195 7.299999237060547 -5.40000057220459
line -7.940000534057617 -4.7599992752075195 -7.299999237060547 -4.7599992752075195
line -7.940000534057617 -5.40000057220459 -7.299999237060547 -5.40000057220459
line -7.940000534057617 -4.7599992752075195 -7.940000534057617 -5.40000057220459
line -7.299999237060547 -4.7599992752075195 -7.299999237060547 -5.40000057220459
line 7.940000534057617 -7.299999237060547 7.299999237060547 -7.299999237060547
line 7.940000534057617 -7.940000534057617 7.299999237060547 -7.940000534057617
line 7.940000534057617 -7.299999237060547 7.940000534057617 -7.940000534057617
line 7.299999237060547 -7.299999237060547 7.299999237060547 -7.940000534057617
line -7.940000534057617 -7.299999237060547 -7.299999237060547 -7.299999237060547
line -7.940000534057617 -7.940000534057617 -7.299999237060547 -7.940000534057617
line -7.940000534057617 -7.299999237060547 -7.940000534057617 -7.940000534057617
line -7.299999237060547 -7.299999237060547 -7.299999237060547 -7.940000534057617
line 7.940000534057617 -9.839999198913574 7.299999237060547 -9.839999198913574
line 7.940000534057617 -10.480000495910645 7.299999237060547 -10.480000495910645
line 7.940000534057617 -9.839999198913574 7.940000534057617 -10.480000495910645
line 7.299999237060547 -9.839999198913574 7.299999237060547 -10.480000495910645
line -7.940000534057617 -9.839999198913574 -7.299999237060547 -9.839999198913574
line -7.940000534057617 -10.480000495910645 -7.299999237060547 -10.480000495910645
line -7.940000534057617 -9.839999198913574 -7.940000534057617 -10.480000495910645
line -7.299999237060547 -9.839999198913574 -7.299999237060547 -10.480000495910645
line 7.940000534057617 -12.379999160766602 7.299999237060547 -12.379999160766602
line 7.940000534057617 -13.020000457763672 7.299999237060547 -13.020000457763672
line 7.940000534057617 -12.379999160766602 7.940000534057617 -13.020000457763672
line 7.299999237060547 -12.379999160766602 7.299999237060547 -13.020000457763672
line -7.940000534057617 -12.379999160766602 -7.299999237060547 -12.379999160766602
line -7.940000534057617 -13.020000457763672 -7.299999237060547 -13.020000457763672
line -7.940000534057617 -12.379999160766602 -7.940000534057617 -13.020000457763672
line -7.299999237060547 -12.379999160766602 -7.299999237060547 -13.020000457763672
line 7.940000534057617 -14.919999122619629 7.299999237060547 -14.919999122619629
line 7.940000534057617 -15.5600004196167 7.299999237060547 -15.5600004196167
line 7.940000534057617 -14.919999122619629 7.940000534057617 -15.5600004196167
line 7.299999237060547 -14.919999122619629 7.299999237060547 -15.5600004196167
line -7.940000534057617 -14.919999122619629 -7.299999237060547 -14.919999122619629
line -7.940000534057617 -15.5600004196167 -7.299999237060547 -15.5600004196167
line -7.940000534057617 -14.919999122619629 -7.940000534057617 -15.5600004196167
line -7.299999237060547 -14.919999122619629 -7.299999237060547 -15.5600004196167
line 7.940000534057617 -17.459999084472656 7.299999237060547 -17.459999084472656
line 7.940000534057617 -18.100000381469727 7.299999237060547 -18.100000381469727
line 7.940000534057617 -17.459999084472656 7.940000534057617 -18.100000381469727
line 7.299999237060547 -17.459999084472656 7.299999237060547 -18.100000381469727
line -7.940000534057617 -17.459999084472656 -7.299999237060547 -17.459999084472656
line -7.940000534057617 -18.100000381469727 -7.299999237060547 -18.100000381469727
line -7.940000534057617 -17.459999084472656 -7.940000534057617 -18.100000381469727
line -7.299999237060547 -17.459999084472656 -7.299999237060547 -18.100000381469727
line 7.940000534057617 -20.0 7.299999237060547 -20.0
line 7.940000534057617 -20.639999389648438 7.299999237060547 -20.639999389648438
line 7.940000534057617 -20.0 7.940000534057617 -20.639999389648438
line 7.299999237060547 -20.0 7.299999237060547 -20.639999389648438
line -7.940000534057617 -20.0 -7.299999237060547 -20.0
line -7.940000534057617 -20.639999389648438 -7.299999237060547 -20.639999389648438
line -7.940000534057617 -20.0 -7.940000534057617 -20.639999389648438
line -7.299999237060547 -20.0 -7.299999237060547 -20.639999389648438
line 7.940000534057617 -22.53999900817871 7.299999237060547 -22.53999900817871
line 7.940000534057617 -23.18000030517578 7.299999237060547 -23.18000030517578
line 7.940000534057617 -22.53999900817871 7.940000534057617 -23.18000030517578
line 7.299999237060547 -22.53999900817871 7.299999237060547 -23.18000030517578
line -7.940000534057617 -22.53999900817871 -7.299999237060547 -22.53999900817871
line -7.940000534057617 -23.18000030517578 -7.299999237060547 -23.18000030517578
line -7.940000534057617 -22.53999900817871 -7.940000534057617 -23.18000030517578
line -7.299999237060547 -22.53999900817871 -7.299999237060547 -23.18000030517578
line 7.940000534057617 -25.079998016357422 7.299999237060547 -25.079998016357422
line 7.940000534057617 -25.720001220703125 7.299999237060547 -25.720001220703125
line 7.940000534057617 -25.079998016357422 7.940000534057617 -25.720001220703125
line 7.299999237060547 -25.079998016357422 7.299999237060547 -25.720001220703125
line -7.940000534057617 -25.079998016357422 -7.299999237060547 -25.079998016357422
line -7.940000534057617 -25.720001220703125 -7.299999237060547 -25.720001220703125
line -7.940000534057617 -25.079998016357422 -7.940000534057617 -25.720001220703125
line -7.299999237060547 -25.079998016357422 -7.299999237060547 -25.720001220703125
line 7.940000534057617 -27.619998931884766 7.299999237060547 -27.619998931884766
line 7.940000534057617 -28.260000228881836 7.299999237060547 -28.260000228881836
line 7.940000534057617 -27.619998931884766 7.940000534057617 -28.260000228881836
line 7.299999237060547 -27.619998931884766 7.299999237060547 -28.260000228881836
line -7.940000534057617 -27.619998931884766 -7.299999237060547 -27.619998931884766
line -7.940000534057617 -28.260000228881836 -7.299999237060547 -28.260000228881836
line -7.940000534057617 -27.619998931884766 -7.940000534057617 -28.260000228881836
line -7.299999237060547 -27.619998931884766 -7.299999237060547 -28.260000228881836
line 7.940000534057617 -30.15999984741211 7.299999237060547 -30.15999984741211
line 7.940000534057617 -30.799999237060547 7.299999237060547 -30.799999237060547
line 7.940000534057617 -30.15999984741211 7.940000534057617 -30.799999237060547
line 7.299999237060547 -30.15999984741211 7.299999237060547 -30.799999237060547
line -7.940000534057617 -30.15999984741211 -7.299999237060547 -30.15999984741211
line -7.940000534057617 -30.799999237060547 -7.299999237060547 -30.799999237060547
line -7.940000534057617 -30.15999984741211 -7.940000534057617 -30.799999237060547
line -7.299999237060547 -30.15999984741211 -7.299999237060547 -30.799999237060547
line 7.940000534057617 -32.70000076293945 7.299999237060547 -32.70000076293945
line 7.940000534057617 -33.34000015258789 7.299999237060547 -33.34000015258789
line 7.940000534057617 -32.70000076293945 7.940000534057617 -33.34000015258789
line 7.299999237060547 -32.70000076293945 7.299999237060547 -33.34000015258789
line -7.940000534057617 -32.70000076293945 -7.299999237060547 -32.70000076293945
line -7.940000534057617 -33.34000015258789 -7.299999237060547 -33.34000015258789
line -7.940000534057617 -32.70000076293945 -7.940000534057617 -33.34000015258789
line -7.299999237060547 -32.70000076293945 -7.299999237060547 -33.34000015258789
label Teensy~LC 0.0 -3.0 0.0 1.0
label Gnd 6.800000190734863 -33.02000045776367 1.570796251296997 0.5
label D0 6.800000190734863 -30.479999542236328 1.570796251296997 0.5
label D1 6.800000190734863 -27.940000534057617 1.570796251296997 0.5
label D2 6.800000190734863 -25.399999618530273 1.570796251296997 0.5
label D3 6.800000190734863 -22.860000610351562 1.570796251296997 0.5
label D4 6.800000190734863 -20.31999969482422 1.570796251296997 0.5
label D5 6.800000190734863 -17.779998779296875 1.570796251296997 0.5
label D6 6.800000190734863 -15.24000072479248 1.570796251296997 0.5
label D7 6.800000190734863 -12.699999809265137 1.570796251296997 0.5
label D8 6.800000190734863 -10.160000801086426 1.570796251296997 0.5
label D9 6.800000190734863 -7.619999885559082 1.570796251296997 0.5
label D10 6.800000190734863 -5.079998970031738 1.570796251296997 0.5
label D11 6.800000190734863 -2.5400009155273438 1.570796251296997 0.5
label Gnd 3.8743019104003906e-07 -0.8199999928474426 0.0 0.5
label 3V3 2.5400004386901855 -0.8199999928474426 0.0 0.5
label D17 5.080000400543213 -0.8199999928474426 0.0 0.5
label D12 7.62000036239624 -0.8199999928474426 0.0 0.5
label Vin -6.800000190734863 -33.02000045776367 1.570796251296997 0.5
label Gnd -6.800000190734863 -30.479999542236328 1.570796251296997 0.5
label 3V3 -6.800000190734863 -27.940000534057617 1.570796251296997 0.5
label D23 -6.800000190734863 -25.399999618530273 1.570796251296997 0.5
label D22 -6.800000190734863 -22.860000610351562 1.570796251296997 0.5
label D21 -6.800000190734863 -20.31999969482422 1.570796251296997 0.5
label D20 -6.800000190734863 -17.779998779296875 1.570796251296997 0.5
label D19 -6.800000190734863 -15.24000072479248 1.570796251296997 0.5
label D18 -6.800000190734863 -12.699999809265137 1.570796251296997 0.5
label D17 -6.800000190734863 -10.160000801086426 1.570796251296997 0.5
label D16 -6.800000190734863 -7.619999885559082 1.570796251296997 0.5
label D15 -6.800000190734863 -5.079998970031738 1.570796251296997 0.5
label D14 -6.800000190734863 -2.5400009155273438 1.570796251296997 0.5
label Program -2.5400004386901855 -0.8199999928474426 0.0 0.5
label D26 -5.080000400543213 -0.8199999928474426 0.0 0.5
label D13 -7.62000036239624 -0.8199999928474426 0.0 0.5
label 5V~out 5.080000400543213 -1.2200000286102295 0.0 0.30000001192092896
label MOSI1 6.099999904632568 -30.479999542236328 1.570796251296997 0.30000001192092896
label RX1 6.400000095367432 -30.479999542236328 1.570796251296997 0.30000001192092896
label TX1 6.400000095367432 -27.940000534057617 1.570796251296997 0.30000001192092896
label Touch 5.799999713897705 -30.479999542236328 1.570796251296997 0.30000001192092896
label RX1 6.400000095367432 -22.860000610351562 1.570796251296997 0.30000001192092896
label TX1 6.400000095367432 -20.31999969482422 1.570796251296997 0.30000001192092896
label TX1 6.400000095367432 -17.779998779296875 1.570796251296997 0.30000001192092896
label RX3 6.400000095367432 -15.24000072479248 1.570796251296997 0.30000001192092896
label RX3 6.400000095367432 -12.699999809265137 1.570796251296997 0.30000001192092896
label TX3 6.400000095367432 -10.160000801086426 1.570796251296997 0.30000001192092896
label RX2 6.400000095367432 -7.619999885559082 1.570796251296997 0.30000001192092896
label TX2 6.400000095367432 -5.079998970031738 1.570796251296997 0.30000001192092896
label MOSI0 6.400000095367432 -2.5400009155273438 1.570796251296997 0.30000001192092896
label MISO1 6.099999904632568 -27.940000534057617 1.570796251296997 0.30000001192092896
label Touch 5.799999713897705 -27.940000534057617 1.570796251296997 0.30000001192092896
label PWM 6.099999904632568 -22.860000610351562 1.570796251296997 0.30000001192092896
label Touch 5.799999713897705 -22.860000610351562 1.570796251296997 0.30000001192092896
label PWM 6.099999904632568 -20.31999969482422 1.570796251296997 0.30000001192092896
label Touch 5.799999713897705 -20.31999969482422 1.570796251296997 0.30000001192092896
label MOSI1 6.099999904632568 -17.779998779296875 1.570796251296997 0.30000001192092896
label CS1 6.099999904632568 -15.24000072479248 1.570796251296997 0.30000001192092896
label PWM 5.799999713897705 -15.24000072479248 1.570796251296997 0.30000001192092896
label MOSI0 6.099999904632568 -12.699999809265137 1.570796251296997 0.30000001192092896
label MISO0 6.099999904632568 -10.160000801086426 1.570796251296997 0.30000001192092896
label PWM 6.099999904632568 -7.619999885559082 1.570796251296997 0.30000001192092896
label CS0 6.099999904632568 -5.079998970031738 1.570796251296997 0.30000001192092896
label PWM 5.799999713897705 -5.079998970031738 1.570796251296997 0.30000001192092896
label MISO0 7.62000036239624 -1.2200000286102295 0.0 0.30000001192092896
label A12 -5.080000400543213 -1.2200000286102295 0.0 0.30000001192092896
label DAC -5.080000400543213 -1.5199999809265137 0.0 0.30000001192092896
label LED -7.62000036239624 -1.2200000286102295 0.0 0.30000001192092896
label SCK0 -7.62000036239624 -1.5199999809265137 0.0 0.30000001192092896
label USB 0.0 -35.0 0.0 0.5
label A9 -6.400000095367432 -25.400001525878906 1.570796251296997 0.30000001192092896
label A8 -6.400000095367432 -22.860000610351562 1.570796251296997 0.30000001192092896
label A7 -6.400000095367432 -20.31999969482422 1.570796251296997 0.30000001192092896
label A6 -6.400000095367432 -17.779998779296875 1.570796251296997 0.30000001192092896
label A5 -6.400000095367432 -15.24000072479248 1.570796251296997 0.30000001192092896
label A4 -6.400000095367432 -12.699999809265137 1.570796251296997 0.30000001192092896
label A3 -6.400000095367432 -10.160000801086426 1.570796251296997 0.30000001192092896
label A2 -6.400000095367432 -7.619999885559082 1.570796251296997 0.30000001192092896
label A1 -6.400000095367432 -5.079998970031738 1.570796251296997 0.30000001192092896
label A0 -6.400000095367432 -2.5400009155273438 1.570796251296997 0.30000001192092896
label SCK0 -6.099999904632568 -2.5400009155273438 1.570796251296997 0.30000001192092896
label Touch -6.099999904632568 -5.079998970031738 1.570796251296997 0.30000001192092896
label SCL0 -6.099999904632568 -7.619999885559082 1.570796251296997 0.30000001192092896
label PWM -5.799999713897705 -7.619999885559082 1.570796251296997 0.30000001192092896
label Touch -5.499999523162842 -7.619999885559082 1.570796251296997 0.30000001192092896
label SDA0 -6.099999904632568 -10.160000801086426 1.570796251296997 0.30000001192092896
label Touch -5.499999523162842 -10.160000801086426 1.570796251296997 0.30000001192092896
label SDA0 -6.099999904632568 -12.699999809265137 1.570796251296997 0.30000001192092896
label Touch -5.799999713897705 -12.699999809265137 1.570796251296997 0.30000001192092896
label SCL0 -6.099999904632568 -15.24000072479248 1.570796251296997 0.30000001192092896
label Touch -5.799999713897705 -15.24000072479248 1.570796251296997 0.30000001192092896
label SCK1 -6.099999904632568 -17.779998779296875 1.570796251296997 0.30000001192092896
label PWM -5.799999713897705 -17.779998779296875 1.570796251296997 0.30000001192092896
label TX3 -5.499999523162842 -17.779998779296875 1.570796251296997 0.30000001192092896
label MOSI1 -6.099999904632568 -20.31999969482422 1.570796251296997 0.30000001192092896
label RX1 -5.799999713897705 -20.31999969482422 1.570796251296997 0.30000001192092896
label SCL1 -6.099999904632568 -22.860000610351562 1.570796251296997 0.30000001192092896
label PWM -5.799999713897705 -22.860000610351562 1.570796251296997 0.30000001192092896
label Touch -5.499999523162842 -22.860000610351562 1.570796251296997 0.30000001192092896
label SDA1 -6.099999904632568 -25.400001525878906 1.570796251296997 0.30000001192092896
label PWM -5.799999713897705 -25.400001525878906 1.570796251296997 0.30000001192092896
label Touch -5.499999523162842 -25.400001525878906 1.570796251296997 0.30000001192092896
label PWM -5.799999713897705 -10.160000801086426 1.570796251296997 0.30000001192092896
