line 5.399999618530273 0.3199999928474426 4.760000228881836 0.3199999928474426
line 5.399999618530273 0.3199999928474426 5.399999618530273 -0.3199999928474426
line 4.760000228881836 0.3199999928474426 4.760000228881836 -0.3199999928474426
line 2.2200000286102295 0.3199999928474426 2.2200000286102295 -0.3199999928474426
line 2.859999895095825 0.3199999928474426 2.859999895095825 -0.3199999928474426
line 2.859999895095825 -0.3199999928474426 2.2200000286102295 -0.3199999928474426
line 2.859999895095825 0.3199999928474426 2.2200000286102295 0.3199999928474426
line 5.399999618530273 -0.3199999928474426 4.760000228881836 -0.3199999928474426
line 0.3199999928474426 0.3199999928474426 -0.3199999928474426 0.3199999928474426
line 0.3199999928474426 -0.3199999928474426 -0.3199999928474426 -0.3199999928474426
line 0.3199999928474426 0.3199999928474426 0.3199999928474426 -0.3199999928474426
line -0.3199999928474426 0.3199999928474426 -0.3199999928474426 -0.3199999928474426
line -6.699999809265137 1.3000000715255737 6.699999809265137 1.3000000715255737
line -6.699999809265137 -14.800000190734863 6.699999809265137 -14.800000190734863
line -6.699999809265137 1.3000000715255737 -6.699999809265137 -14.800000190734863
line 6.699999809265137 1.3000000715255737 6.699999809265137 -14.800000190734863
line -2.2200000286102295 0.3199999928474426 -2.859999895095825 0.3199999928474426
line -2.2200000286102295 -0.3199999928474426 -2.859999895095825 -0.3199999928474426
line -2.2200000286102295 0.3199999928474426 -2.2200000286102295 -0.3199999928474426
line -2.859999895095825 0.3199999928474426 -2.859999895095825 -0.3199999928474426
line -4.760000228881836 0.3199999928474426 -5.399999618530273 0.3199999928474426
line -4.760000228881836 -0.3199999928474426 -5.399999618530273 -0.3199999928474426
line -4.760000228881836 0.3199999928474426 -4.760000228881836 -0.3199999928474426
line -5.399999618530273 0.3199999928474426 -5.399999618530273 -0.3199999928474426
label RX 2.499999761581421 -1.0 0.0 0.30000004172325134
label TX -2.384185791015625e-07 -1.0 0.0 0.30000004172325134
label GND -2.6000003814697266 -1.0 0.0 0.30000004172325134
label PPS 5.099999904632568 -1.0 0.0 0.30000004172325134
label VCC -5.100000381469727 -1.0 0.0 0.30000004172325134
label GPS~module -2.384185791015625e-07 -2.0 0.0 0.6000000834465027
