line -1.0499999523162842 0.7900000214576721 -1.0499999523162842 0.5099999904632568
line -1.0499999523162842 0.5099999904632568 -0.6999999284744263 0.5099999904632568
line -0.6999999284744263 0.5099999904632568 -0.6999999284744263 0.7899999618530273
line -0.6999999284744263 0.7899999618530273 -1.0499999523162842 0.7899999618530273
line -1.0499999523162842 0.5099999904632568 -1.0499999523162842 0.7899999618530273
line -1.0499999523162842 0.14000000059604645 -1.0499999523162842 -0.14000003039836884
line -1.0499999523162842 -0.14000003039836884 -0.6999999284744263 -0.14000003039836884
line -0.6999999284744263 -0.14000003039836884 -0.6999999284744263 0.13999994099140167
line -0.6999999284744263 0.13999994099140167 -1.0499999523162842 0.13999994099140167
line -1.0499999523162842 -0.14000003039836884 -1.0499999523162842 0.13999994099140167
line -1.0499999523162842 -0.7900000810623169 -1.0499999523162842 -0.5100001096725464
line -0.6999999284744263 -0.5100001096725464 -1.0499999523162842 -0.5100001096725464
line -1.0499999523162842 -0.7900000810623169 -0.6999999284744263 -0.7900000810623169
line -1.0499999523162842 -0.5100000500679016 -1.0499999523162842 -0.7900000810623169
line -0.6999999284744263 -0.7900000810623169 -0.6999999284744263 -0.5100001096725464
line 1.0499999523162842 0.7900000214576721 1.0499999523162842 0.5099999904632568
line 1.0499999523162842 0.5099999904632568 0.6999999284744263 0.5099999904632568
line 0.6999999284744263 0.5099999904632568 0.6999999284744263 0.7899999618530273
line 0.6999999284744263 0.7899999618530273 1.0499999523162842 0.7899999618530273
line 1.0499999523162842 0.5099999904632568 1.0499999523162842 0.7899999618530273
line 1.0499999523162842 -0.7900000810623169 1.0499999523162842 -0.5100001096725464
line 0.6999999284744263 -0.5100001096725464 1.0499999523162842 -0.5100001096725464
line 1.0499999523162842 -0.7900000810623169 0.6999999284744263 -0.7900000810623169
line 1.0499999523162842 -0.5100000500679016 1.0499999523162842 -0.7900000810623169
line 0.6999999284744263 -0.7900000810623169 0.6999999284744263 -0.5100001096725464
line -0.6000000238418579 0.0 -0.30000001192092896 0.0
line 0.5 0.75 0.5 0.5499999523162842
line 0.6000000238418579 0.6499999761581421 0.40000003576278687 0.6499999761581421
line -0.3999999761581421 -0.6499999761581421 -0.5999999642372131 -0.6499999761581421
line -0.699999988079071 0.9000000357627869 -0.5999999642372131 0.9000000357627869
line -0.5999999642372131 0.9000000357627869 -0.5999999642372131 0.800000011920929
line -0.30000001192092896 0.30000001192092896 -0.30000001192092896 -0.30000001192092896
line 0.30000001192092896 0.0 -0.30000001192092896 0.30000001192092896
line -0.30000001192092896 -0.30000001192092896 0.30000001192092896 0.0
line 0.30000001192092896 0.0 0.44999998807907104 0.0
line 0.44999998807907104 0.0 0.44999998807907104 -0.6500000357627869
line 0.6000000238418579 -0.6500000357627869 0.44999998807907104 -0.6500000357627869
line -0.20000003278255463 -0.07000000029802322 -0.1000000387430191 -0.07000000029802322
line -0.1000000387430191 -0.07000000029802322 -0.1000000387430191 0.07000000029802322
line -0.15000003576278687 -0.07000000029802322 -0.15000003576278687 0.07000000029802322
line -0.15000003576278687 0.07000000029802322 -0.05000004172325134 0.07000000029802322
