line 1.5899996757507324 1.5900001525878906 0.9500003457069397 1.5900001525878906
line 1.5899996757507324 1.5900001525878906 1.5899996757507324 0.9500000476837158
line 0.9500003457069397 1.5900001525878906 0.9500003457069397 0.9500000476837158
line -1.5899999141693115 1.5900001525878906 -1.5899999141693115 0.9500000476837158
line -0.949999988079071 1.5900001525878906 -0.949999988079071 0.9500000476837158
line -0.949999988079071 0.9500000476837158 -1.5899999141693115 0.9500000476837158
line -0.949999988079071 1.5900001525878906 -1.5899999141693115 1.5900001525878906
line 1.5899996757507324 0.9500000476837158 0.9500003457069397 0.9500000476837158
line -3.490000009536743 1.5900001525878906 -4.130000114440918 1.5900001525878906
line -3.490000009536743 0.9500000476837158 -4.130000114440918 0.9500000476837158
line -3.490000009536743 1.5900001525878906 -3.490000009536743 0.9500000476837158
line -4.130000114440918 1.5900001525878906 -4.130000114440918 0.9500000476837158
line -10.699999809265137 2.5999999046325684 10.699999809265137 2.6000001430511475
line -10.699999809265137 -2.6000001430511475 10.699999809265137 -2.6000001430511475
line -10.699999809265137 2.5999999046325684 -10.699999809265137 -2.6000001430511475
line 10.699999809265137 2.6000001430511475 10.699999809265137 -2.6000001430511475
line -6.029999732971191 1.5900001525878906 -6.670000076293945 1.5900001525878906
line -6.029999732971191 0.9500000476837158 -6.670000076293945 0.9500000476837158
line -6.029999732971191 1.5900001525878906 -6.029999732971191 0.9500000476837158
line -6.670000076293945 1.5900001525878906 -6.670000076293945 0.9500000476837158
line -8.570000648498535 1.5900001525878906 -9.210000038146973 1.5900001525878906
line -8.570000648498535 0.9500000476837158 -9.210000038146973 0.9500000476837158
line -8.570000648498535 1.5900001525878906 -8.570000648498535 0.9500000476837158
line -9.210000038146973 1.5900001525878906 -9.210000038146973 0.9500000476837158
line 1.5899996757507324 -0.9499998688697815 0.9500002861022949 -0.9499998688697815
line 1.5899996757507324 -0.9499998688697815 1.5899996757507324 -1.590000033378601
line 0.9500002861022949 -0.9499998688697815 0.9500002861022949 -1.590000033378601
line -1.5899999141693115 -0.9499998688697815 -1.5899999141693115 -1.590000033378601
line -0.949999988079071 -0.9499998688697815 -0.949999988079071 -1.590000033378601
line -0.949999988079071 -1.590000033378601 -1.5899999141693115 -1.590000033378601
line -0.949999988079071 -0.9499998688697815 -1.5899999141693115 -0.9499998688697815
line 1.5899996757507324 -1.590000033378601 0.9500002861022949 -1.590000033378601
line -3.490000009536743 -0.9499998688697815 -4.130000114440918 -0.9499998688697815
line -3.490000009536743 -1.590000033378601 -4.130000114440918 -1.590000033378601
line -3.490000009536743 -0.9499998688697815 -3.490000009536743 -1.590000033378601
line -4.130000114440918 -0.9499998688697815 -4.130000114440918 -1.590000033378601
line -6.029999732971191 -0.9499998688697815 -6.670000076293945 -0.9499998688697815
line -6.029999732971191 -1.590000033378601 -6.670000076293945 -1.590000033378601
line -6.029999732971191 -0.9499998688697815 -6.029999732971191 -1.590000033378601
line -6.670000076293945 -0.9499998688697815 -6.670000076293945 -1.590000033378601
line -8.570000648498535 -0.9499998688697815 -9.210000038146973 -0.9499998688697815
line -8.570000648498535 -1.590000033378601 -9.210000038146973 -1.590000033378601
line -8.570000648498535 -0.9499998688697815 -8.570000648498535 -1.590000033378601
line -9.210000038146973 -0.9499998688697815 -9.210000038146973 -1.590000033378601
line 9.210000991821289 1.5900001525878906 8.570001602172852 1.5900001525878906
line 9.210000991821289 1.5900001525878906 9.210000991821289 0.9500000476837158
line 8.570001602172852 1.5900001525878906 8.570001602172852 0.9500000476837158
line 6.029999732971191 1.5900001525878906 6.029999732971191 0.9500000476837158
line 6.670000076293945 1.5900001525878906 6.670000076293945 0.9500000476837158
line 6.670000076293945 0.9500000476837158 6.029999732971191 0.9500000476837158
line 6.670000076293945 1.5900001525878906 6.029999732971191 1.5900001525878906
line 9.210000991821289 0.9500000476837158 8.570001602172852 0.9500000476837158
line 4.130000114440918 1.5900001525878906 3.489999771118164 1.5900001525878906
line 4.130000114440918 0.9500000476837158 3.489999771118164 0.9500000476837158
line 4.130000114440918 1.5900001525878906 4.130000114440918 0.9500000476837158
line 3.489999771118164 1.5900001525878906 3.489999771118164 0.9500000476837158
line 9.210000991821289 -0.9499998688697815 8.570001602172852 -0.9499998688697815
line 9.210000991821289 -0.9499998688697815 9.210000991821289 -1.590000033378601
line 8.570001602172852 -0.9499998688697815 8.570001602172852 -1.590000033378601
line 6.029999732971191 -0.9499998688697815 6.029999732971191 -1.590000033378601
line 6.670000076293945 -0.9499998688697815 6.670000076293945 -1.590000033378601
line 6.670000076293945 -1.590000033378601 6.029999732971191 -1.590000033378601
line 6.670000076293945 -0.9499998688697815 6.029999732971191 -0.9499998688697815
line 9.210000991821289 -1.590000033378601 8.570001602172852 -1.590000033378601
line 4.130000114440918 -0.9499998688697815 3.489999771118164 -0.9499998688697815
line 4.130000114440918 -1.590000033378601 3.489999771118164 -1.590000033378601
line 4.130000114440918 -0.9499998688697815 4.130000114440918 -1.590000033378601
line 3.489999771118164 -0.9499998688697815 3.489999771118164 -1.590000033378601
label Female~.100" -2.384185791015625e-07 0.0 0.0 0.6000000834465027
