line -4.409999370574951 -3.259999990463257 -4.249999523162842 -3.7100000381469727
line -4.249999523162842 -1.9600000381469727 -4.249999523162842 -2.799999952316284
line -6.249999523162842 0.19999992847442627 -6.249999523162842 -2.8000001907348633
line -4.249999523162842 -2.799999952316284 -4.409999370574951 -3.259999990463257
line 0.7500002980232239 2.0 0.5500003099441528 2.200000047683716
line 0.5500003099441528 2.200000047683716 -0.5499997138977051 2.200000047683716
line -0.5499997138977051 2.200000047683716 -0.7499997019767761 2.0
line -4.249999523162842 -4.299999713897705 -3.749999523162842 -4.300000190734863
line -6.249999523162842 -2.8000001907348633 -4.299999713897705 -2.8000001907348633
line -4.249999523162842 -3.7100000381469727 -4.249999523162842 -4.299999713897705
line -0.7499997019767761 2.0 -0.7499997019767761 0.19999992847442627
line -3.749999523162842 -1.9600000381469727 -4.249999523162842 -1.9600000381469727
line 0.7500002980232239 0.19999992847442627 0.7500002980232239 2.0
line -3.749999523162842 -4.300000190734863 -3.749999523162842 -1.9600000381469727
line -6.249999523162842 0.19999992847442627 6.250000476837158 0.19999992847442627
line 6.250000476837158 -2.8000001907348633 6.250000476837158 0.19999992847442627
line 4.409999370574951 -3.259999990463257 4.249999523162842 -3.7100000381469727
line 4.249999523162842 -1.9600000381469727 4.249999523162842 -2.799999952316284
line 4.249999523162842 -2.799999952316284 4.409999370574951 -3.259999990463257
line 4.249999523162842 -4.299999713897705 3.749999523162842 -4.300000190734863
line 4.249999523162842 -3.7100000381469727 4.249999523162842 -4.299999713897705
line 3.749999523162842 -1.9600000381469727 4.249999523162842 -1.9600000381469727
line 3.749999523162842 -4.300000190734863 3.749999523162842 -1.9600000381469727
line 6.250000476837158 -2.8000001907348633 4.299999713897705 -2.8000001907348633
line 2.249999523162842 -4.299999713897705 1.7499995231628418 -4.300000190734863
line 1.7499995231628418 -1.9600000381469727 2.249999523162842 -1.9600000381469727
line 1.7499995231628418 -4.300000190734863 1.7499995231628418 -1.9600000381469727
line 2.249999523162842 -4.299999713897705 2.249999523162842 -1.9600000381469727
line 3.6999998092651367 -2.8000001907348633 2.299999713897705 -2.8000001907348633
line 1.6999996900558472 -2.8000001907348633 -1.7000004053115845 -2.8000001907348633
line -2.249999523162842 -4.299999713897705 -1.7499995231628418 -4.300000190734863
line -1.7499995231628418 -1.9600000381469727 -2.249999523162842 -1.9600000381469727
line -1.7499995231628418 -4.300000190734863 -1.7499995231628418 -1.9600000381469727
line -2.249999523162842 -4.299999713897705 -2.249999523162842 -1.9600000381469727
line -3.6999998092651367 -2.8000001907348633 -2.299999713897705 -2.8000001907348633
line -1.249999761581421 2.0 -1.4499996900558472 2.200000047683716
line -2.1499996185302734 2.200000047683716 -1.8499996662139893 2.200000047683716
line -2.549999713897705 2.200000047683716 -2.749999761581421 2.0
line -1.249999761581421 1.600000023841858 -1.249999761581421 1.3000000715255737
line -1.249999761581421 0.9000000357627869 -1.249999761581421 0.6000000834465027
line -2.749999761581421 1.600000023841858 -2.749999761581421 1.3000000715255737
line -2.749999761581421 0.9000000357627869 -2.749999761581421 0.6000000834465027
line 2.750000238418579 2.0 2.5500001907348633 2.200000047683716
line 2.5500001907348633 2.200000047683716 1.450000286102295 2.200000047683716
line 1.450000286102295 2.200000047683716 1.250000238418579 2.0
line 2.750000238418579 2.0 2.750000238418579 0.40000006556510925
line 1.250000238418579 2.0 1.250000238418579 0.40000006556510925
line -3.200000047683716 1.3000000715255737 -4.0 1.3000000715255737
line -4.0 1.3000000715255737 -3.700000047683716 1.5000001192092896
line -4.0 1.3000000715255737 -3.700000047683716 1.100000023841858
line 3.200000047683716 1.3000000715255737 4.0 1.3000000715255737
line 4.0 1.3000000715255737 3.700000047683716 1.5000001192092896
line 4.0 1.3000000715255737 3.700000047683716 1.100000023841858
line -4.0 -1.899999976158142 -4.0 -1.100000023841858
line -2.0 -1.9000000953674316 -2.0 -1.100000023841858
line -2.0 -1.5 0.0 -1.5
line 0.0 -1.5 0.0 -1.100000023841858
line -4.0 -1.100000023841858 -4.199999809265137 -1.3000000715255737
line -2.0 -1.100000023841858 -2.1999998092651367 -1.3000000715255737
line 0.0 -1.100000023841858 -0.20000000298023224 -1.3000000715255737
line -4.0 -1.100000023841858 -3.799999952316284 -1.3000000715255737
line -2.0 -1.100000023841858 -1.7999999523162842 -1.3000000715255737
line 0.0 -1.100000023841858 0.20000000298023224 -1.3000000715255737
line 2.0 -1.899999976158142 2.0 -1.100000023841858
line 4.0 -1.9000000953674316 4.0 -1.100000023841858
line 2.0 -1.100000023841858 1.8000001907348633 -1.3000000715255737
line 4.0 -1.100000023841858 3.8000001907348633 -1.3000000715255737
line 2.0 -1.100000023841858 2.200000047683716 -1.3000000715255737
line 4.0 -1.100000023841858 4.199999809265137 -1.3000000715255737
line -0.30000004172325134 0.10000002384185791 -0.30000004172325134 -0.19999998807907104
line -0.30000004172325134 -0.19999998807907104 -2.3000001907348633 -0.19999998807907104
line -2.3000001907348633 -0.19999998807907104 -2.3000001907348633 -1.0
line -2.3000001907348633 -1.0 -1.7000001668930054 -1.0
line -1.7000001668930054 -1.0 -1.7000001668930054 -0.5
line -1.7000001668930054 -0.5 1.6999998092651367 -0.5
line 1.6999998092651367 -0.5 1.6999998092651367 -1.0
line 1.6999998092651367 -1.0 2.299999713897705 -1.0
line 2.299999713897705 -1.0 2.299999713897705 -0.19999998807907104
line 2.299999713897705 -0.19999998807907104 0.2999997138977051 -0.19999998807907104
line 0.2999997138977051 -0.19999998807907104 0.2999997138977051 0.10000002384185791
label Locking 3.6000003814697266 0.8999999761581421 0.0 0.30000004172325134
label Momentary -3.5999999046325684 0.8999999761581421 0.0 0.30000004172325134
