line -0.36000001430511475 -4.059999942779541 -0.14000001549720764 -4.059999942779541
line -7.0 -3.049999952316284 7.0 -3.049999952316284
line -7.0 3.049999952316284 7.0 3.049999952316284
line -7.0 -3.049999952316284 -7.0 3.049999952316284
line 7.0 -3.049999952316284 7.0 3.049999952316284
line -0.14000001549720764 -4.059999942779541 -0.14000001549720764 -3.4600000381469727
line -0.36000001430511475 -3.4600000381469727 -0.36000001430511475 -4.059999942779541
line -0.14000001549720764 -3.4600000381469727 -0.36000001430511475 -3.4600000381469727
line 0.13999998569488525 -4.059999942779541 0.35999998450279236 -4.059999942779541
line 0.35999998450279236 -4.059999942779541 0.35999998450279236 -3.4600000381469727
line 0.13999998569488525 -3.4600000381469727 0.13999998569488525 -4.059999942779541
line 0.35999998450279236 -3.4600000381469727 0.13999998569488525 -3.4600000381469727
line 0.6399999856948853 -4.059999942779541 0.8600000143051147 -4.059999942779541
line 0.8600000143051147 -4.059999942779541 0.8600000143051147 -3.4600000381469727
line 0.6399999856948853 -3.4600000381469727 0.6399999856948853 -4.059999942779541
line 0.8600000143051147 -3.4600000381469727 0.6399999856948853 -3.4600000381469727
line 1.1399999856948853 -4.059999942779541 1.3600000143051147 -4.059999942779541
line 1.3600000143051147 -4.059999942779541 1.3600000143051147 -3.4600000381469727
line 1.1399999856948853 -3.4600000381469727 1.1399999856948853 -4.059999942779541
line 1.3600000143051147 -3.4600000381469727 1.1399999856948853 -3.4600000381469727
line 1.6399999856948853 -4.059999942779541 1.8600000143051147 -4.059999942779541
line 1.8600000143051147 -4.059999942779541 1.8600000143051147 -3.4600000381469727
line 1.6399999856948853 -3.4600000381469727 1.6399999856948853 -4.059999942779541
line 1.8600000143051147 -3.4600000381469727 1.6399999856948853 -3.4600000381469727
line 2.1399998664855957 -4.059999942779541 2.359999895095825 -4.059999942779541
line 2.359999895095825 -4.059999942779541 2.359999895095825 -3.4600000381469727
line 2.1399998664855957 -3.4600000381469727 2.1399998664855957 -4.059999942779541
line 2.359999895095825 -3.4600000381469727 2.1399998664855957 -3.4600000381469727
line 2.6399998664855957 -4.059999942779541 2.8600001335144043 -4.059999942779541
line 2.8600001335144043 -4.059999942779541 2.8600001335144043 -3.4600000381469727
line 2.6399998664855957 -3.4600000381469727 2.6399998664855957 -4.059999942779541
line 2.8600001335144043 -3.4600000381469727 2.6399998664855957 -3.4600000381469727
line 3.1399998664855957 -4.059999942779541 3.3600001335144043 -4.059999942779541
line 3.3600001335144043 -4.059999942779541 3.3600001335144043 -3.4600000381469727
line 3.1399998664855957 -3.4600000381469727 3.1399998664855957 -4.059999942779541
line 3.3600001335144043 -3.4600000381469727 3.1399998664855957 -3.4600000381469727
line 3.6399998664855957 -4.059999942779541 3.8600001335144043 -4.059999942779541
line 3.8600001335144043 -4.059999942779541 3.8600001335144043 -3.4600000381469727
line 3.6399998664855957 -3.4600000381469727 3.6399998664855957 -4.059999942779541
line 3.8600001335144043 -3.4600000381469727 3.6399998664855957 -3.4600000381469727
line 4.139999866485596 -4.059999942779541 4.359999656677246 -4.059999942779541
line 4.359999656677246 -4.059999942779541 4.359999656677246 -3.4600000381469727
line 4.139999866485596 -3.4600000381469727 4.139999866485596 -4.059999942779541
line 4.359999656677246 -3.4600000381469727 4.139999866485596 -3.4600000381469727
line 4.639999866485596 -4.059999942779541 4.860000133514404 -4.059999942779541
line 4.860000133514404 -4.059999942779541 4.860000133514404 -3.4600000381469727
line 4.639999866485596 -3.4600000381469727 4.639999866485596 -4.059999942779541
line 4.860000133514404 -3.4600000381469727 4.639999866485596 -3.4600000381469727
line 5.139999866485596 -4.059999942779541 5.360000133514404 -4.059999942779541
line 5.360000133514404 -4.059999942779541 5.360000133514404 -3.4600000381469727
line 5.139999866485596 -3.4600000381469727 5.139999866485596 -4.059999942779541
line 5.360000133514404 -3.4600000381469727 5.139999866485596 -3.4600000381469727
line 5.639999866485596 -4.059999942779541 5.860000133514404 -4.059999942779541
line 5.860000133514404 -4.059999942779541 5.860000133514404 -3.4600000381469727
line 5.639999866485596 -3.4600000381469727 5.639999866485596 -4.059999942779541
line 5.860000133514404 -3.4600000381469727 5.639999866485596 -3.4600000381469727
line 6.139999866485596 -4.059999942779541 6.359999656677246 -4.059999942779541
line 6.359999656677246 -4.059999942779541 6.359999656677246 -3.4600000381469727
line 6.139999866485596 -3.4600000381469727 6.139999866485596 -4.059999942779541
line 6.359999656677246 -3.4600000381469727 6.139999866485596 -3.4600000381469727
line 6.639999866485596 -4.059999942779541 6.860000133514404 -4.059999942779541
line 6.860000133514404 -4.059999942779541 6.860000133514404 -3.4600000381469727
line 6.639999866485596 -3.4600000381469727 6.639999866485596 -4.059999942779541
line 6.860000133514404 -3.4600000381469727 6.639999866485596 -3.4600000381469727
line -6.639999866485596 -3.4600000381469727 -6.860000133514404 -3.4600000381469727
line -6.860000133514404 -3.4600000381469727 -6.860000133514404 -4.059999942779541
line -6.639999866485596 -4.059999942779541 -6.639999866485596 -3.4600000381469727
line -6.860000133514404 -4.059999942779541 -6.639999866485596 -4.059999942779541
line -6.360000133514404 -4.059999942779541 -6.139999866485596 -4.059999942779541
line -6.139999866485596 -4.059999942779541 -6.139999866485596 -3.4600000381469727
line -6.360000133514404 -3.4600000381469727 -6.360000133514404 -4.059999942779541
line -6.139999866485596 -3.4600000381469727 -6.360000133514404 -3.4600000381469727
line -5.860000133514404 -4.059999942779541 -5.639999866485596 -4.059999942779541
line -5.639999866485596 -4.059999942779541 -5.639999866485596 -3.4600000381469727
line -5.860000133514404 -3.4600000381469727 -5.860000133514404 -4.059999942779541
line -5.639999866485596 -3.4600000381469727 -5.860000133514404 -3.4600000381469727
line -5.360000133514404 -4.059999942779541 -5.140000343322754 -4.059999942779541
line -5.140000343322754 -4.059999942779541 -5.140000343322754 -3.4600000381469727
line -5.360000133514404 -3.4600000381469727 -5.360000133514404 -4.059999942779541
line -5.140000343322754 -3.4600000381469727 -5.360000133514404 -3.4600000381469727
line -4.860000133514404 -4.059999942779541 -4.639999866485596 -4.059999942779541
line -4.639999866485596 -4.059999942779541 -4.639999866485596 -3.4600000381469727
line -4.860000133514404 -3.4600000381469727 -4.860000133514404 -4.059999942779541
line -4.639999866485596 -3.4600000381469727 -4.860000133514404 -3.4600000381469727
line -4.360000133514404 -4.059999942779541 -4.139999866485596 -4.059999942779541
line -4.139999866485596 -4.059999942779541 -4.139999866485596 -3.4600000381469727
line -4.360000133514404 -3.4600000381469727 -4.360000133514404 -4.059999942779541
line -4.139999866485596 -3.4600000381469727 -4.360000133514404 -3.4600000381469727
line -3.8600001335144043 -4.059999942779541 -3.6399998664855957 -4.059999942779541
line -3.6399998664855957 -4.059999942779541 -3.6399998664855957 -3.4600000381469727
line -3.8600001335144043 -3.4600000381469727 -3.8600001335144043 -4.059999942779541
line -3.6399998664855957 -3.4600000381469727 -3.8600001335144043 -3.4600000381469727
line -3.3600001335144043 -4.059999942779541 -3.140000343322754 -4.059999942779541
line -3.140000343322754 -4.059999942779541 -3.140000343322754 -3.4600000381469727
line -3.3600001335144043 -3.4600000381469727 -3.3600001335144043 -4.059999942779541
line -3.140000343322754 -3.4600000381469727 -3.3600001335144043 -3.4600000381469727
line -2.8600001335144043 -4.059999942779541 -2.6399998664855957 -4.059999942779541
line -2.6399998664855957 -4.059999942779541 -2.6399998664855957 -3.4600000381469727
line -2.8600001335144043 -3.4600000381469727 -2.8600001335144043 -4.059999942779541
line -2.6399998664855957 -3.4600000381469727 -2.8600001335144043 -3.4600000381469727
line -2.3600001335144043 -4.059999942779541 -2.1399998664855957 -4.059999942779541
line -2.1399998664855957 -4.059999942779541 -2.1399998664855957 -3.4600000381469727
line -2.3600001335144043 -3.4600000381469727 -2.3600001335144043 -4.059999942779541
line -2.1399998664855957 -3.4600000381469727 -2.3600001335144043 -3.4600000381469727
line -1.8600001335144043 -4.059999942779541 -1.6399998664855957 -4.059999942779541
line -1.6399998664855957 -4.059999942779541 -1.6399998664855957 -3.4600000381469727
line -1.8600001335144043 -3.4600000381469727 -1.8600001335144043 -4.059999942779541
line -1.6399998664855957 -3.4600000381469727 -1.8600001335144043 -3.4600000381469727
line -1.3600001335144043 -4.059999942779541 -1.140000343322754 -4.059999942779541
line -1.140000343322754 -4.059999942779541 -1.140000343322754 -3.4600000381469727
line -1.3600001335144043 -3.4600000381469727 -1.3600001335144043 -4.059999942779541
line -1.140000343322754 -3.4600000381469727 -1.3600001335144043 -3.4600000381469727
line -0.8600001335144043 -4.059999942779541 -0.6399998664855957 -4.059999942779541
line -0.6399998664855957 -4.059999942779541 -0.6399998664855957 -3.4600000381469727
line -0.8600001335144043 -3.4600000381469727 -0.8600001335144043 -4.059999942779541
line -0.6399998664855957 -3.4600000381469727 -0.8600001335144043 -3.4600000381469727
line -0.36000001430511475 4.059999942779541 -0.14000001549720764 4.059999942779541
line -0.14000001549720764 4.059999942779541 -0.14000001549720764 3.4600000381469727
line -0.36000001430511475 3.4600000381469727 -0.36000001430511475 4.059999942779541
line -0.14000001549720764 3.4600000381469727 -0.36000001430511475 3.4600000381469727
line 0.13999998569488525 4.059999942779541 0.35999998450279236 4.059999942779541
line 0.35999998450279236 4.059999942779541 0.35999998450279236 3.4600000381469727
line 0.13999998569488525 3.4600000381469727 0.13999998569488525 4.059999942779541
line 0.35999998450279236 3.4600000381469727 0.13999998569488525 3.4600000381469727
line 0.6399999856948853 4.059999942779541 0.8600000143051147 4.059999942779541
line 0.8600000143051147 4.059999942779541 0.8600000143051147 3.4600000381469727
line 0.6399999856948853 3.4600000381469727 0.6399999856948853 4.059999942779541
line 0.8600000143051147 3.4600000381469727 0.6399999856948853 3.4600000381469727
line 1.1399999856948853 4.059999942779541 1.3600000143051147 4.059999942779541
line 1.3600000143051147 4.059999942779541 1.3600000143051147 3.4600000381469727
line 1.1399999856948853 3.4600000381469727 1.1399999856948853 4.059999942779541
line 1.3600000143051147 3.4600000381469727 1.1399999856948853 3.4600000381469727
line 1.6399999856948853 4.059999942779541 1.8600000143051147 4.059999942779541
line 1.8600000143051147 4.059999942779541 1.8600000143051147 3.4600000381469727
line 1.6399999856948853 3.4600000381469727 1.6399999856948853 4.059999942779541
line 1.8600000143051147 3.4600000381469727 1.6399999856948853 3.4600000381469727
line 2.1399998664855957 4.059999942779541 2.359999895095825 4.059999942779541
line 2.359999895095825 4.059999942779541 2.359999895095825 3.4600000381469727
line 2.1399998664855957 3.4600000381469727 2.1399998664855957 4.059999942779541
line 2.359999895095825 3.4600000381469727 2.1399998664855957 3.4600000381469727
line 2.6399998664855957 4.059999942779541 2.8600001335144043 4.059999942779541
line 2.8600001335144043 4.059999942779541 2.8600001335144043 3.4600000381469727
line 2.6399998664855957 3.4600000381469727 2.6399998664855957 4.059999942779541
line 2.8600001335144043 3.4600000381469727 2.6399998664855957 3.4600000381469727
line 3.1399998664855957 4.059999942779541 3.3600001335144043 4.059999942779541
line 3.3600001335144043 4.059999942779541 3.3600001335144043 3.4600000381469727
line 3.1399998664855957 3.4600000381469727 3.1399998664855957 4.059999942779541
line 3.3600001335144043 3.4600000381469727 3.1399998664855957 3.4600000381469727
line 3.6399998664855957 4.059999942779541 3.8600001335144043 4.059999942779541
line 3.8600001335144043 4.059999942779541 3.8600001335144043 3.4600000381469727
line 3.6399998664855957 3.4600000381469727 3.6399998664855957 4.059999942779541
line 3.8600001335144043 3.4600000381469727 3.6399998664855957 3.4600000381469727
line 4.139999866485596 4.059999942779541 4.359999656677246 4.059999942779541
line 4.359999656677246 4.059999942779541 4.359999656677246 3.4600000381469727
line 4.139999866485596 3.4600000381469727 4.139999866485596 4.059999942779541
line 4.359999656677246 3.4600000381469727 4.139999866485596 3.4600000381469727
line 4.639999866485596 4.059999942779541 4.860000133514404 4.059999942779541
line 4.860000133514404 4.059999942779541 4.860000133514404 3.4600000381469727
line 4.639999866485596 3.4600000381469727 4.639999866485596 4.059999942779541
line 4.860000133514404 3.4600000381469727 4.639999866485596 3.4600000381469727
line 5.139999866485596 4.059999942779541 5.360000133514404 4.059999942779541
line 5.360000133514404 4.059999942779541 5.360000133514404 3.4600000381469727
line 5.139999866485596 3.4600000381469727 5.139999866485596 4.059999942779541
line 5.360000133514404 3.4600000381469727 5.139999866485596 3.4600000381469727
line 5.639999866485596 4.059999942779541 5.860000133514404 4.059999942779541
line 5.860000133514404 4.059999942779541 5.860000133514404 3.4600000381469727
line 5.639999866485596 3.4600000381469727 5.639999866485596 4.059999942779541
line 5.860000133514404 3.4600000381469727 5.639999866485596 3.4600000381469727
line 6.139999866485596 4.059999942779541 6.359999656677246 4.059999942779541
line 6.359999656677246 4.059999942779541 6.359999656677246 3.4600000381469727
line 6.139999866485596 3.4600000381469727 6.139999866485596 4.059999942779541
line 6.359999656677246 3.4600000381469727 6.139999866485596 3.4600000381469727
line 6.639999866485596 4.059999942779541 6.860000133514404 4.059999942779541
line 6.860000133514404 4.059999942779541 6.860000133514404 3.4600000381469727
line 6.639999866485596 3.4600000381469727 6.639999866485596 4.059999942779541
line 6.860000133514404 3.4600000381469727 6.639999866485596 3.4600000381469727
line -6.639999866485596 3.4600000381469727 -6.860000133514404 3.4600000381469727
line -6.860000133514404 3.4600000381469727 -6.860000133514404 4.059999942779541
line -6.639999866485596 4.059999942779541 -6.639999866485596 3.4600000381469727
line -6.860000133514404 4.059999942779541 -6.639999866485596 4.059999942779541
line -6.360000133514404 4.059999942779541 -6.139999866485596 4.059999942779541
line -6.139999866485596 4.059999942779541 -6.139999866485596 3.4600000381469727
line -6.360000133514404 3.4600000381469727 -6.360000133514404 4.059999942779541
line -6.139999866485596 3.4600000381469727 -6.360000133514404 3.4600000381469727
line -5.860000133514404 4.059999942779541 -5.639999866485596 4.059999942779541
line -5.639999866485596 4.059999942779541 -5.639999866485596 3.4600000381469727
line -5.860000133514404 3.4600000381469727 -5.860000133514404 4.059999942779541
line -5.639999866485596 3.4600000381469727 -5.860000133514404 3.4600000381469727
line -5.360000133514404 4.059999942779541 -5.140000343322754 4.059999942779541
line -5.140000343322754 4.059999942779541 -5.140000343322754 3.4600000381469727
line -5.360000133514404 3.4600000381469727 -5.360000133514404 4.059999942779541
line -5.140000343322754 3.4600000381469727 -5.360000133514404 3.4600000381469727
line -4.860000133514404 4.059999942779541 -4.639999866485596 4.059999942779541
line -4.639999866485596 4.059999942779541 -4.639999866485596 3.4600000381469727
line -4.860000133514404 3.4600000381469727 -4.860000133514404 4.059999942779541
line -4.639999866485596 3.4600000381469727 -4.860000133514404 3.4600000381469727
line -4.360000133514404 4.059999942779541 -4.139999866485596 4.059999942779541
line -4.139999866485596 4.059999942779541 -4.139999866485596 3.4600000381469727
line -4.360000133514404 3.4600000381469727 -4.360000133514404 4.059999942779541
line -4.139999866485596 3.4600000381469727 -4.360000133514404 3.4600000381469727
line -3.8600001335144043 4.059999942779541 -3.6399998664855957 4.059999942779541
line -3.6399998664855957 4.059999942779541 -3.6399998664855957 3.4600000381469727
line -3.8600001335144043 3.4600000381469727 -3.8600001335144043 4.059999942779541
line -3.6399998664855957 3.4600000381469727 -3.8600001335144043 3.4600000381469727
line -3.3600001335144043 4.059999942779541 -3.140000343322754 4.059999942779541
line -3.140000343322754 4.059999942779541 -3.140000343322754 3.4600000381469727
line -3.3600001335144043 3.4600000381469727 -3.3600001335144043 4.059999942779541
line -3.140000343322754 3.4600000381469727 -3.3600001335144043 3.4600000381469727
line -2.8600001335144043 4.059999942779541 -2.6399998664855957 4.059999942779541
line -2.6399998664855957 4.059999942779541 -2.6399998664855957 3.4600000381469727
line -2.8600001335144043 3.4600000381469727 -2.8600001335144043 4.059999942779541
line -2.6399998664855957 3.4600000381469727 -2.8600001335144043 3.4600000381469727
line -2.3600001335144043 4.059999942779541 -2.1399998664855957 4.059999942779541
line -2.1399998664855957 4.059999942779541 -2.1399998664855957 3.4600000381469727
line -2.3600001335144043 3.4600000381469727 -2.3600001335144043 4.059999942779541
line -2.1399998664855957 3.4600000381469727 -2.3600001335144043 3.4600000381469727
line -1.8600001335144043 4.059999942779541 -1.6399998664855957 4.059999942779541
line -1.6399998664855957 4.059999942779541 -1.6399998664855957 3.4600000381469727
line -1.8600001335144043 3.4600000381469727 -1.8600001335144043 4.059999942779541
line -1.6399998664855957 3.4600000381469727 -1.8600001335144043 3.4600000381469727
line -1.3600001335144043 4.059999942779541 -1.140000343322754 4.059999942779541
line -1.140000343322754 4.059999942779541 -1.140000343322754 3.4600000381469727
line -1.3600001335144043 3.4600000381469727 -1.3600001335144043 4.059999942779541
line -1.140000343322754 3.4600000381469727 -1.3600001335144043 3.4600000381469727
line -0.8600001335144043 4.059999942779541 -0.6399998664855957 4.059999942779541
line -0.6399998664855957 4.059999942779541 -0.6399998664855957 3.4600000381469727
line -0.8600001335144043 3.4600000381469727 -0.8600001335144043 4.059999942779541
line -0.6399998664855957 3.4600000381469727 -0.8600001335144043 3.4600000381469727
line -7.099999904632568 -2.9000000953674316 -7.099999904632568 -3.1500000953674316
line -7.099999904632568 -3.1500000953674316 -6.849999904632568 -3.1500000953674316
line -2.6000001430511475 0.30000001192092896 -2.500000238418579 0.30000001192092896
line -2.500000238418579 0.30000001192092896 -2.3500001430511475 0.44999998807907104
line -2.3500001430511475 0.44999998807907104 -2.3500001430511475 1.7999999523162842
line -2.6000001430511475 -0.30000001192092896 -2.500000238418579 -0.30000001192092896
line -2.500000238418579 -0.30000001192092896 -2.3500001430511475 -0.44999998807907104
line -2.3500001430511475 -0.44999998807907104 -2.3500001430511475 -1.7999999523162842
line -2.6000001430511475 0.30000001192092896 -2.6000001430511475 -0.30000001192092896
line 2.6000001430511475 0.30000001192092896 2.500000238418579 0.30000001192092896
line 2.500000238418579 0.30000001192092896 2.3500001430511475 0.44999998807907104
line 2.3500001430511475 0.44999998807907104 2.3500001430511475 1.7999999523162842
line 2.6000001430511475 -0.30000001192092896 2.500000238418579 -0.30000001192092896
line 2.500000238418579 -0.30000001192092896 2.3500001430511475 -0.44999998807907104
line 2.3500001430511475 -0.44999998807907104 2.3500001430511475 -1.7999999523162842
line 2.6000001430511475 0.30000001192092896 2.6000001430511475 -0.30000001192092896
line -2.3500001430511475 1.7999999523162842 2.3500001430511475 1.7999999523162842
line -2.3500001430511475 -1.7999999523162842 2.3500001430511475 -1.7999999523162842
label SCLK -6.25 -2.4000000953674316 1.570796251296997 0.30000001192092896
label LAT -5.75 -2.4000000953674316 1.570796251296997 0.30000001192092896
label OUTB4 -5.25 -2.4000000953674316 1.570796251296997 0.30000001192092896
label OUTR4 -4.75 -2.4000000953674316 1.570796251296997 0.30000001192092896
label OUTG4 -4.25 -2.4000000953674316 1.570796251296997 0.30000001192092896
label OUTB0 -3.75 -2.4000000953674316 1.570796251296997 0.30000001192092896
label OUTR0 -3.25 -2.4000000953674316 1.570796251296997 0.30000001192092896
label OUTG0 -2.75 -2.4000000953674316 1.570796251296997 0.30000001192092896
label OUTB5 -2.25 -2.4000000953674316 1.570796251296997 0.30000001192092896
label OUTR5 -1.75 -2.4000000953674316 1.570796251296997 0.30000001192092896
label OUTG5 -1.25 -2.4000000953674316 1.570796251296997 0.30000001192092896
label OUTB1 -0.75 -2.4000000953674316 1.570796251296997 0.30000001192092896
label OUTR1 -0.25 -2.4000000953674316 1.570796251296997 0.30000001192092896
label SIN -6.75 -2.4000000953674316 1.570796251296997 0.30000001192092896
label OUTG1 0.25 -2.4000000953674316 1.570796251296997 0.30000001192092896
label OUTB2 0.75 -2.4000000953674316 1.570796251296997 0.30000001192092896
label OUTR2 1.25 -2.4000000953674316 1.570796251296997 0.30000001192092896
label OUTG2 1.75 -2.4000000953674316 1.570796251296997 0.30000001192092896
label OUTB6 2.25 -2.4000000953674316 1.570796251296997 0.30000001192092896
label OUTR6 2.75 -2.4000000953674316 1.570796251296997 0.30000001192092896
label OUTG6 3.25 -2.4000000953674316 1.570796251296997 0.30000001192092896
label OUTB3 3.75 -2.4000000953674316 1.570796251296997 0.30000001192092896
label OUTR3 4.25 -2.4000000953674316 1.570796251296997 0.30000001192092896
label OUTG3 4.75 -2.4000000953674316 1.570796251296997 0.30000001192092896
label OUTB7 5.25 -2.4000000953674316 1.570796251296997 0.30000001192092896
label OUTR7 5.75 -2.4000000953674316 1.570796251296997 0.30000001192092896
label OUTG7 6.25 -2.4000000953674316 1.570796251296997 0.30000001192092896
label SOUT 6.75 -2.4000000953674316 1.570796251296997 0.30000001192092896
label GND -6.75 2.4000000953674316 1.570796251296997 0.30000001192092896
label GSCLK -6.25 2.4000000953674316 1.570796251296997 0.30000001192092896
label VCC -5.75 2.4000000953674316 1.570796251296997 0.30000001192092896
label OUTB8 -5.25 2.4000000953674316 1.570796251296997 0.30000001192092896
label OUTR8 -4.75 2.4000000953674316 1.570796251296997 0.30000001192092896
label OUTG8 -4.25 2.4000000953674316 1.570796251296997 0.30000001192092896
label OUTB12 -3.75 2.4000000953674316 1.570796251296997 0.30000001192092896
label OUTR12 -3.25 2.4000000953674316 1.570796251296997 0.30000001192092896
label OUTG12 -2.75 2.4000000953674316 1.570796251296997 0.30000001192092896
label OUTB9 -2.25 2.4000000953674316 1.570796251296997 0.30000001192092896
label OUTR9 -1.75 2.4000000953674316 1.570796251296997 0.30000001192092896
label OUTG9 -1.25 2.4000000953674316 1.570796251296997 0.30000001192092896
label OUTB13 -0.75 2.4000000953674316 1.570796251296997 0.30000001192092896
label OUTR13 -0.25 2.4000000953674316 1.570796251296997 0.30000001192092896
label OUTG13 0.25 2.4000000953674316 1.570796251296997 0.30000001192092896
label OUTB14 0.75 2.4000000953674316 1.570796251296997 0.30000001192092896
label OUTR14 1.25 2.4000000953674316 1.570796251296997 0.30000001192092896
label OUTG14 1.75 2.4000000953674316 1.570796251296997 0.30000001192092896
label OUTB10 2.25 2.4000000953674316 1.570796251296997 0.30000001192092896
label OUTR10 2.75 2.4000000953674316 1.570796251296997 0.30000001192092896
label OUTG10 3.25 2.4000000953674316 1.570796251296997 0.30000001192092896
label OUTB15 3.75 2.4000000953674316 1.570796251296997 0.30000001192092896
label OUTR15 4.25 2.4000000953674316 1.570796251296997 0.30000001192092896
label OUTG15 4.75 2.4000000953674316 1.570796251296997 0.30000001192092896
label OUTB11 5.25 2.4000000953674316 1.570796251296997 0.30000001192092896
label OUTR11 5.75 2.4000000953674316 1.570796251296997 0.30000001192092896
label OUTG11 6.25 2.4000000953674316 1.570796251296997 0.30000001192092896
label GND 6.75 2.4000000953674316 1.570796251296997 0.30000001192092896
label GND 0.0 1.0 -1.1920928955078125e-07 0.30000001192092896
label TLC6C5748~LED~driver 0.0 -1.0 -1.1920928955078125e-07 0.30000001192092896
