line -8.0 0.4000000059604645 -8.282842636108398 0.28284263610839844
line -8.282842636108398 0.28284263610839844 -8.399999618530273 0.0
line -8.399999618530273 0.0 -8.282842636108398 -0.28284263610839844
line -8.282842636108398 -0.28284263610839844 -8.0 -0.39999961853027344
line -8.0 -0.39999961853027344 -7.717157363891602 -0.28284263610839844
line -7.717157363891602 -0.28284263610839844 -7.600000381469727 0.0
line -7.600000381469727 0.0 -7.717157363891602 0.28284263610839844
line -7.717157363891602 0.28284263610839844 -8.0 0.4000000059604645
line -8.0 0.4000000059604645 -4.75 0.4000000059604645
line -8.0 -0.39999961853027344 -4.75 -0.39999961853027344
line 8.0 0.4000000059604645 8.282842636108398 0.28284263610839844
line -4.75 2.0 -4.75 -1.9999996423721313
line 8.282842636108398 0.28284263610839844 8.399999618530273 0.0
line 8.399999618530273 0.0 8.282842636108398 -0.28284263610839844
line 8.282842636108398 -0.28284263610839844 8.0 -0.39999961853027344
line 8.0 -0.39999961853027344 7.717157363891602 -0.28284263610839844
line 7.717157363891602 -0.28284263610839844 7.600000381469727 0.0
line 7.600000381469727 0.0 7.717157363891602 0.28284263610839844
line 7.717157363891602 0.28284263610839844 8.0 0.4000000059604645
line 8.0 0.4000000059604645 4.75 0.4000000059604645
line 8.0 -0.39999961853027344 4.75 -0.39999961853027344
line 4.75 2.0 4.75 -1.9999996423721313
line -4.75 2.0 4.75 2.0
line -4.75 -1.9999996423721313 4.75 -1.9999996423721313
line 4.599999904632568 0.0 1.499999761581421 0.0
line 1.499999761581421 0.0 1.4121320247650146 0.21213185787200928
line 1.4121320247650146 0.21213185787200928 1.2000001668930054 0.29999983310699463
line 1.2000001668930054 0.29999983310699463 0.9878682494163513 0.21213209629058838
line 0.9878682494163513 0.21213209629058838 0.9000002145767212 2.384185791015625e-07
line 0.8121320009231567 0.21213185787200928 0.6000001430511475 0.29999983310699463
line 0.6000001430511475 0.29999983310699463 0.3878682553768158 0.21213209629058838
line 0.2999997138977051 0.0 0.21213197708129883 0.21213185787200928
line 0.21213197708129883 0.21213185787200928 1.1920928955078125e-07 0.29999983310699463
line 1.1920928955078125e-07 0.29999983310699463 -0.2121317982673645 0.21213209629058838
line -0.30000030994415283 0.0 -0.3878680467605591 0.21213185787200928
line -0.3878680467605591 0.21213185787200928 -0.5999999046325684 0.29999983310699463
line -0.5999999046325684 0.29999983310699463 -0.8121318221092224 0.21213209629058838
line -0.8121318221092224 0.21213209629058838 -0.8999998569488525 2.384185791015625e-07
line -0.987868070602417 0.21213185787200928 -1.1999999284744263 0.29999983310699463
line -1.1999999284744263 0.29999983310699463 -1.4121317863464355 0.21213209629058838
line -1.4121317863464355 0.21213209629058838 -1.4999998807907104 2.384185791015625e-07
line -1.4999998807907104 2.384185791015625e-07 -4.599999904632568 2.384185791015625e-07
line 0.9000002145767212 2.384185791015625e-07 0.8121320009231567 0.21213185787200928
line 0.3878682553768158 0.21213209629058838 0.2999997138977051 0.0
line -0.2121317982673645 0.21213209629058838 -0.30000030994415283 0.0
line -0.8999998569488525 2.384185791015625e-07 -0.987868070602417 0.21213185787200928
label 100nH 0.0 -0.5 0.0 0.5
