line -1.5999999046325684 0.9000000357627869 -1.5999999046325684 -0.9000000357627869
line -1.5999999046325684 -0.9000000357627869 -0.9999997019767761 -0.9000000357627869
line -0.9999997019767761 -0.9000000357627869 -0.9999997019767761 0.9000000357627869
line -1.5999999046325684 0.9000000357627869 -0.9999997019767761 0.9000000357627869
line -1.5999999046325684 0.9000000357627869 -1.5999999046325684 1.2000000476837158
line 1.6000001430511475 -0.9000000357627869 0.9999998211860657 -0.9000000357627869
line 1.6000001430511475 0.9000000357627869 1.6000001430511475 -0.9000000357627869
line -1.5999999046325684 -0.9000000357627869 -1.5999999046325684 -1.2000000476837158
line 0.9999998211860657 -0.9000000357627869 0.9999998211860657 0.9000000357627869
line 1.6000001430511475 0.9000000357627869 0.9999998211860657 0.9000000357627869
line 1.6000001430511475 0.9000000357627869 1.6000001430511475 1.2000000476837158
line 1.6000001430511475 -0.9000000357627869 1.6000001430511475 -1.2000000476837158
line -1.5999999046325684 -1.2000000476837158 1.6000001430511475 -1.2000000476837158
line -0.7999998927116394 0.0 -0.2999998927116394 0.0
line -0.2999998927116394 0.0 -0.2999998927116394 0.30000001192092896
line -0.2999998927116394 0.30000001192092896 0.2000000923871994 0.0
line 0.2000000923871994 0.0 0.2000000923871994 0.30000001192092896
line -0.2999998927116394 0.0 -0.2999998927116394 -0.30000001192092896
line 0.2000000923871994 0.0 -0.2999998927116394 -0.30000001192092896
line 0.2000000923871994 0.0 0.2000000923871994 -0.30000001192092896
line 0.2000000923871994 0.0 0.800000011920929 0.0
line -1.5999999046325684 1.2000000476837158 1.6000001430511475 1.2000000476837158
label Orange 0.0 0.5 0.0 0.30000001192092896
label 20deg 0.0 -0.6000000238418579 0.0 0.30000001192092896
label front 0.0 -0.9000000357627869 0.0 0.30000001192092896
label ADP3224 0.0 0.7999999523162842 0.0 0.30000001192092896
