line -2.200000047683716 1.0999996662139893 -2.700000047683716 1.100000023841858
line -2.200000047683716 -1.8999996185302734 -2.200000047683716 1.8999996185302734
line 2.200000047683716 1.0999996662139893 2.700000047683716 1.100000023841858
line 2.200000047683716 -1.0999996662139893 2.700000047683716 -1.100000023841858
line 2.700000047683716 1.100000023841858 2.700000047683716 -1.100000023841858
line 1.2000000476837158 -0.7999999523162842 1.2000000476837158 -1.100000023841858
line 2.200000047683716 1.8999996185302734 2.200000047683716 -1.8999996185302734
line 2.200000047683716 -1.8999996185302734 -2.200000047683716 -1.8999996185302734
line 2.200000047683716 1.8999996185302734 -2.200000047683716 1.8999996185302734
line 1.850000023841858 1.0999996662139893 1.5500000715255737 1.0999996662139893
line 1.850000023841858 -1.0999996662139893 1.5500000715255737 -1.0999996662139893
line 1.2000000476837158 -0.16999992728233337 1.2000000476837158 -0.4699999988079071
line 1.2000000476837158 0.7999999523162842 1.2000000476837158 1.100000023841858
line 1.2000000476837158 0.16999992728233337 1.2000000476837158 0.4699999988079071
line -2.200000047683716 -1.0999996662139893 -2.700000047683716 -1.100000023841858
line -2.700000047683716 1.100000023841858 -2.700000047683716 -1.100000023841858
line -1.2000000476837158 -0.7999999523162842 -1.2000000476837158 -1.100000023841858
line -1.850000023841858 1.0999996662139893 -1.5500000715255737 1.0999996662139893
line -1.850000023841858 -1.0999996662139893 -1.5500000715255737 -1.0999996662139893
line -1.2000000476837158 -0.16999992728233337 -1.2000000476837158 -0.4699999988079071
line -1.2000000476837158 0.7999999523162842 -1.2000000476837158 1.100000023841858
line -1.2000000476837158 0.16999992728233337 -1.2000000476837158 0.4699999988079071
line -1.0 2.2351741790771484e-08 -0.3999999761581421 2.2351741790771484e-08
line -0.3999999761581421 0.40000003576278687 -0.3999999761581421 -0.3999999761581421
line -0.3999999761581421 2.2351741790771484e-08 0.40000003576278687 -0.3999999761581421
line 0.40000003576278687 -0.3999999761581421 0.40000003576278687 0.40000003576278687
line -0.3999999761581421 2.2351741790771484e-08 0.40000003576278687 0.40000003576278687
line 0.40000003576278687 2.2351741790771484e-08 1.0 2.2351741790771484e-08
line -0.19999997317790985 0.5000000596046448 -0.3999999761581421 0.40000003576278687
line -0.3999999761581421 -0.3999999761581421 -0.5999999642372131 -0.4999999701976776
line -1.4000000953674316 1.8999996185302734 -1.4000000953674316 -1.9000003337860107
label Vbr~=~4.1V 0.0 -0.7000000476837158 0.0 0.30000001192092896
label Vwm~=~3.3V 0.0 0.6999999284744263 0.0 0.30000001192092896
