line 1.5 -0.5 1.5 -1.1500000953674316
line -1.5 -0.5 -1.5 -1.1500000953674316
line -1.5 -1.1500000953674316 -0.5999999642372131 -1.1500000953674316
line -0.5999999642372131 -1.1500000953674316 -0.6000000238418579 -0.5
line 0.5999999642372131 -1.1500000953674316 0.6000000238418579 -0.5
line 1.5 -1.1500000953674316 0.5999999642372131 -1.1500000953674316
line 0.6000000238418579 -0.5 1.5 -0.5
line -0.6000000238418579 -0.5 -1.5 -0.5
line 0.6000000238418579 0.5 1.5 0.5
line 1.5 1.1500000953674316 0.5999999642372131 1.1500000953674316
line 0.5999999642372131 1.1500000953674316 0.6000000238418579 0.5
line -0.5999999642372131 1.1500000953674316 -0.6000000238418579 0.5
line -1.5 1.1500000953674316 -0.5999999642372131 1.1500000953674316
line -1.5 0.5 -1.5 1.1500000953674316
line -0.6000000238418579 0.5 -1.5 0.5
line 1.5 0.5 1.5 1.1500000953674316
line -1.5999999046325684 1.2500001192092896 -1.5999999046325684 -0.8500000238418579
line -1.1999999284744263 -1.25 1.600000023841858 -1.25
line 1.600000023841858 -1.25 1.600000023841858 1.25
line -1.5999999046325684 1.2500001192092896 1.600000023841858 1.25
label OE~(may~float) -0.800000011920929 -0.3000001311302185 0.0 0.30000004172325134
label Gnd 1.0 -0.3000001311302185 0.0 0.30000004172325134
label 32MHz 1.0 0.2999998927116394 0.0 0.30000004172325134
label Vcc -1.0000001192092896 0.2999998927116394 0.0 0.30000004172325134
