line -3.3500001430511475 0.8999999761581421 -3.4671573638916016 1.182842493057251
line 3.3500001430511475 -0.8999999761581421 3.4671573638916016 -1.182842493057251
line 3.4671573638916016 -1.182842493057251 3.749999761581421 -1.299999713897705
line 3.749999761581421 -1.299999713897705 4.03284215927124 -1.1828426122665405
line 4.03284215927124 -1.1828426122665405 4.149999618530273 -0.9000000953674316
line 4.149999618530273 -0.9000000953674316 4.032842636108398 -0.6171574592590332
line 4.032842636108398 -0.6171574592590332 3.749999761581421 -0.5
line 3.749999761581421 -0.5 3.4671568870544434 -0.6171574592590332
line 3.4671568870544434 -0.6171574592590332 3.3500001430511475 -0.8999999761581421
line -3.4671573638916016 1.182842493057251 -3.749999761581421 1.299999713897705
line -3.749999761581421 1.299999713897705 -4.03284215927124 1.1828426122665405
line -4.03284215927124 1.1828426122665405 -4.149999618530273 0.9000000953674316
line -4.149999618530273 0.9000000953674316 -4.032842636108398 0.6171574592590332
line -4.032842636108398 0.6171574592590332 -3.749999761581421 0.5
line -3.749999761581421 0.5 -3.4671568870544434 0.6171574592590332
line -3.4671568870544434 0.6171574592590332 -3.3500001430511475 0.8999999761581421
line 8.75 4.199999809265137 -8.75 4.199999809265137
line 8.75 -4.199999809265137 -8.75 -4.199999809265137
line 8.75 4.199999809265137 8.75 -4.199999809265137
line -8.75 4.199999809265137 -8.75 -4.199999809265137
line -2.9211010932922363 0.6834970116615295 -1.4605505466461182 0.34174850583076477
line -1.3466343879699707 0.8285987377166748 -1.5744667053222656 -0.14510175585746765
line -1.5744667053222656 -0.14510175585746765 1.3466343879699707 -0.8285987377166748
line 1.5744667053222656 0.14510169625282288 -1.3466343879699707 0.8285987377166748
line 1.3466343879699707 -0.8285987377166748 1.5744667053222656 0.14510169625282288
line 1.4605505466461182 -0.34174850583076477 2.9211010932922363 -0.6834970116615295
line -1.2327182292938232 1.3154488801956177 -0.7458680868148804 1.2015327215194702
line -0.7458680868148804 1.2015327215194702 0.7458680868148804 -1.2015327215194702
line 0.7458680868148804 -1.2015327215194702 1.2327182292938232 -1.3154488801956177
label Vdc=350V 1.5000001192092896 1.0000001192092896 0.0 0.30000001192092896
label Vv=430V 1.5000001192092896 0.7000001072883606 0.0 0.30000001192092896
label Vrms=275V 1.5000001192092896 1.3000001907348633 0.0 0.30000001192092896
