layer GTO
mode C0.2
line -0.39018142223358154 1.9615731239318848 -7.539987336713239e-07 2.000002861022949
line -0.7653675079345703 1.847761631011963 -0.39018142223358154 1.9615731239318848
line -1.1111412048339844 1.6629419326782227 -0.7653675079345703 1.847761631011963
line -1.4142141342163086 1.4142160415649414 -1.1111412048339844 1.6629419326782227
line -1.6629400253295898 1.1111431121826172 -1.4142141342163086 1.4142160415649414
line -1.84775972366333 0.7653694152832031 -1.6629400253295898 1.1111431121826172
line -1.961571216583252 0.39018332958221436 -1.84775972366333 0.7653694152832031
line -2.000000476837158 2.797441993607208e-06 -1.961571216583252 0.39018332958221436
line -1.961571216583252 -0.39017772674560547 -2.000000476837158 2.797441993607208e-06
line -1.84775972366333 -0.7653636932373047 -1.961571216583252 -0.39017772674560547
line -1.6629400253295898 -1.1111373901367188 -1.84775972366333 -0.7653636932373047
line -1.4142141342163086 -1.4142107963562012 -1.6629400253295898 -1.1111373901367188
line -1.1111412048339844 -1.6629362106323242 -1.4142141342163086 -1.4142107963562012
line -0.7653672695159912 -1.8477563858032227 -1.1111412048339844 -1.6629362106323242
line -0.39018094539642334 -1.9615678787231445 -0.7653672695159912 -1.8477563858032227
line -1.0231610758637544e-07 -1.9999971389770508 -0.39018094539642334 -1.9615678787231445
line 0.39018070697784424 -1.9615674018859863 -1.0231610758637544e-07 -1.9999971389770508
line 0.765366792678833 -1.8477559089660645 0.39018070697784424 -1.9615674018859863
line 1.1111407279968262 -1.662935733795166 0.765366792678833 -1.8477559089660645
line 1.4142136573791504 -1.4142098426818848 1.1111407279968262 -1.662935733795166
line 1.6629390716552734 -1.1111364364624023 1.4142136573791504 -1.4142098426818848
line 1.8477587699890137 -0.7653625011444092 1.6629390716552734 -1.1111364364624023
line 1.9615697860717773 -0.39017629623413086 1.8477587699890137 -0.7653625011444092
line 1.9999990463256836 4.5776441766065545e-06 1.9615697860717773 -0.39017629623413086
line 1.9615693092346191 0.39018523693084717 1.9999990463256836 4.5776441766065545e-06
line 1.847757339477539 0.7653713226318359 1.9615693092346191 0.39018523693084717
line 1.6629371643066406 1.11114501953125 1.847757339477539 0.7653713226318359
line 1.4142107963562012 1.4142179489135742 1.6629371643066406 1.11114501953125
line 1.1111373901367188 1.6629433631896973 1.4142107963562012 1.4142179489135742
line 0.7653632164001465 1.8477630615234375 1.1111373901367188 1.6629433631896973
line 0.3901768922805786 1.961573600769043 0.7653632164001465 1.8477630615234375
line -7.539987336713239e-07 2.000002861022949 0.3901768922805786 1.961573600769043
line 1.9999990463256836 4.5776441766065545e-06 2.9999990463256836 4.5776441766065545e-06
hole 5.960464477539063e-08 -6.742775440216064e-07 3.1999997894804717
layer GTL
label >A 2.999998092651367 -2.384185791015625e-07 0.0
