hole 164.5447998046875 -94.99996948242188 3.199999794562331
hole 94.99999237060547 -164.54478454589844 3.199999794562331
hole 189.99996948242188 1.486753626522841e-05 3.199999794562331
hole 2.973507253045682e-05 -189.99996948242188 3.199999794562331
hole -94.99996185302734 -164.5447998046875 3.199999794562331
hole -164.5447998046875 -95.00000762939453 3.199999794562331
hole -189.99996948242188 -4.460260606720112e-05 3.199999794562331
hole -164.5447998046875 94.99993133544922 3.199999794562331
hole -95.0000228881836 164.54478454589844 3.199999794562331
hole -5.947014506091364e-05 189.99996948242188 3.199999794562331
hole 94.99993133544922 164.5447998046875 3.199999794562331
hole 164.54476928710938 95.00003814697266 3.199999794562331
layer Mill
mode C0.1
line -106.02032470703125 19.283327102661133 -105.91761779785156 19.670711517333984
line -105.91761779785156 19.670711517333984 -105.79021453857422 20.053083419799805
line -105.79021453857422 20.053083419799805 -105.63866424560547 20.428804397583008
line -105.63866424560547 20.428804397583008 -105.4636001586914 20.796266555786133
line -105.26579284667969 21.153894424438477 -105.04607391357422 21.500160217285156
line -103.65486907958984 23.01117706298828 -103.32644653320312 23.260251998901367
line -101.89165496826172 24.04338264465332 -101.5103530883789 24.181678771972656
line -101.5103530883789 24.181678771972656 -101.12322998046875 24.29564666748047
line -100.33816528320312 24.448747634887695 -99.9435806274414 24.487224578857422
line 109.87640380859375 18.892589569091797 109.87698364257812 19.283327102661133
line 109.80083465576172 20.053083419799805 109.85176086425781 19.670711517333984
line 109.72441864013672 20.428804397583008 109.80083465576172 20.053083419799805
line 109.62285614013672 20.796266555786133 109.72441864013672 20.428804397583008
line 109.49656677246094 21.153894424438477 109.62285614013672 20.796266555786133
line 109.34610748291016 21.500160217285156 109.49656677246094 21.153894424438477
line 109.17210388183594 21.83357810974121 109.34610748291016 21.500160217285156
line 108.97531127929688 22.152721405029297 109.17210388183594 21.83357810974121
line 108.75657653808594 22.45622444152832 108.97531127929688 22.152721405029297
line 108.51683044433594 22.74278450012207 108.75657653808594 22.45622444152832
line 107.68221282958984 23.488943099975586 107.36952209472656 23.696271896362305
line 107.36952209472656 23.696271896362305 107.04176330566406 23.881349563598633
line 106.34668731689453 24.181678771972656 106.70032501220703 24.04338264465332
line 105.98236083984375 24.29564666748047 106.34668731689453 24.181678771972656
line 105.60890197753906 24.384796142578125 105.22792053222656 24.448747634887695
line 105.22792053222656 24.448747634887695 104.84102630615234 24.487224578857422
line 104.84102630615234 24.487224578857422 104.44989013671875 24.500064849853516
line -109.87640380859375 -18.892589569091797 -109.87698364257812 -19.283327102661133
line -109.80082702636719 -20.053083419799805 -109.85176086425781 -19.670711517333984
line -109.72442626953125 -20.428804397583008 -109.80082702636719 -20.053083419799805
line -109.62284851074219 -20.796266555786133 -109.72442626953125 -20.428804397583008
line -109.49656677246094 -21.153894424438477 -109.62284851074219 -20.796266555786133
line -109.34609985351562 -21.500160217285156 -109.49656677246094 -21.153894424438477
line -109.17210388183594 -21.83357810974121 -108.97531127929688 -22.152721405029297
line -108.51683044433594 -22.74278450012207 -108.75657653808594 -22.45622444152832
line -108.25711059570312 -23.01117706298828 -108.51683044433594 -22.74278450012207
line -107.97850036621094 -23.260251998901367 -107.68221282958984 -23.488943099975586
line -107.04176330566406 -23.881349563598633 -106.70032501220703 -24.04338264465332
line 105.91761779785156 -19.670711517333984 105.79021453857422 -20.053083419799805
line 105.4636001586914 -20.796266555786133 105.26579284667969 -21.153894424438477
line 104.80538940429688 -21.83357810974121 105.04607391357422 -21.500160217285156
line 103.32644653320312 -23.260251998901367 103.65486907958984 -23.01117706298828
line 102.98442840576172 -23.488943099975586 103.32644653320312 -23.260251998901367
line 102.63026428222656 -23.696271896362305 102.98442840576172 -23.488943099975586
line 102.26548767089844 -23.881349563598633 102.63026428222656 -23.696271896362305
line 101.89165496826172 -24.04338264465332 102.26548767089844 -23.881349563598633
line 101.5103530883789 -24.181678771972656 101.89165496826172 -24.04338264465332
line 101.12322998046875 -24.29564666748047 100.73194885253906 -24.384796142578125
line 100.73194885253906 -24.384796142578125 100.33816528320312 -24.448747634887695
line -106.14997863769531 18.50016975402832 -109.85000610351562 -18.50016975402832
line 109.85000610351562 18.50016975402832 106.14997863769531 -18.50016975402832
line 109.85000610351562 18.50016975402832 109.87640380859375 18.892589569091797
line -106.14997863769531 18.50016975402832 -106.09788513183594 18.892589569091797
line -106.09788513183594 18.892589569091797 -106.02032470703125 19.283327102661133
line -105.4636001586914 20.796266555786133 -105.26579284667969 21.153894424438477
line -105.04607391357422 21.500160217285156 -104.80538940429688 21.83357810974121
line -104.80538940429688 21.83357810974121 -104.54476928710938 22.152721405029297
line -104.54476928710938 22.152721405029297 -104.26533508300781 22.45622444152832
line -104.26533508300781 22.45622444152832 -103.96827697753906 22.74278450012207
line -103.96827697753906 22.74278450012207 -103.65486907958984 23.01117706298828
line -103.32644653320312 23.260251998901367 -102.98442840576172 23.488943099975586
line -102.98442840576172 23.488943099975586 -102.63026428222656 23.696271896362305
line -102.63026428222656 23.696271896362305 -102.26548767089844 23.881349563598633
line -102.26548767089844 23.881349563598633 -101.89165496826172 24.04338264465332
line -101.12322998046875 24.29564666748047 -100.73194885253906 24.384796142578125
line -100.73194885253906 24.384796142578125 -100.33816528320312 24.448747634887695
line -99.9435806274414 24.487224578857422 -99.54988098144531 24.500064849853516
line 109.87698364257812 19.283327102661133 109.85176086425781 19.670711517333984
line 108.51683044433594 22.74278450012207 108.2571029663086 23.01117706298828
line 108.2571029663086 23.01117706298828 107.97850036621094 23.260251998901367
line 107.97850036621094 23.260251998901367 107.68221282958984 23.488943099975586
line 107.04176330566406 23.881349563598633 106.70032501220703 24.04338264465332
line 105.98236083984375 24.29564666748047 105.60890197753906 24.384796142578125
line 106.14997863769531 -18.50016975402832 106.09788513183594 -18.892589569091797
line -109.85000610351562 -18.50016975402832 -109.87640380859375 -18.892589569091797
line -109.87698364257812 -19.283327102661133 -109.85176086425781 -19.670711517333984
line -109.34609985351562 -21.500160217285156 -109.17210388183594 -21.83357810974121
line -108.97531127929688 -22.152721405029297 -108.75657653808594 -22.45622444152832
line -108.25711059570312 -23.01117706298828 -107.97850036621094 -23.260251998901367
line -107.68221282958984 -23.488943099975586 -107.36952209472656 -23.696271896362305
line -107.36952209472656 -23.696271896362305 -107.04176330566406 -23.881349563598633
line -106.70032501220703 -24.04338264465332 -106.34668731689453 -24.181678771972656
line -106.34668731689453 -24.181678771972656 -105.98236083984375 -24.29564666748047
line -105.98236083984375 -24.29564666748047 -105.60890197753906 -24.384796142578125
line -105.60890197753906 -24.384796142578125 -105.22792053222656 -24.448747634887695
line -105.22792053222656 -24.448747634887695 -104.84102630615234 -24.487224578857422
line -104.84102630615234 -24.487224578857422 -104.44989013671875 -24.500064849853516
line 106.09788513183594 -18.892589569091797 106.02032470703125 -19.283327102661133
line 106.02032470703125 -19.283327102661133 105.91761779785156 -19.670711517333984
line 105.79021453857422 -20.053083419799805 105.63866424560547 -20.428804397583008
line 105.63866424560547 -20.428804397583008 105.4636001586914 -20.796266555786133
line 105.26579284667969 -21.153894424438477 105.04607391357422 -21.500160217285156
line 104.80538940429688 -21.83357810974121 104.54476928710938 -22.152721405029297
line 104.54476928710938 -22.152721405029297 104.26533508300781 -22.45622444152832
line 104.26533508300781 -22.45622444152832 103.96827697753906 -22.74278450012207
line 103.96827697753906 -22.74278450012207 103.65486907958984 -23.01117706298828
line 101.5103530883789 -24.181678771972656 101.12322998046875 -24.29564666748047
line 100.33816528320312 -24.448747634887695 99.9435806274414 -24.487224578857422
line 99.9435806274414 -24.487224578857422 99.54988098144531 -24.500064849853516
line -104.44989013671875 -24.500064849853516 99.54988098144531 -24.500064849853516
line -99.54988098144531 24.500064849853516 104.44989013671875 24.500064849853516
line -4.7855401039123535 194.94129943847656 0.0 195.00001525878906
line -9.568199157714844 194.76515197753906 -4.7855401039123535 194.94129943847656
line -14.3450927734375 194.47166442871094 -9.568199157714844 194.76515197753906
line -19.113344192504883 194.06103515625 -14.3450927734375 194.47166442871094
line -23.870084762573242 193.53353881835938 -19.113344192504883 194.06103515625
line -28.612445831298828 192.8894500732422 -23.870084762573242 193.53353881835938
line -33.33757400512695 192.12916564941406 -28.612445831298828 192.8894500732422
line -38.04261779785156 191.25315856933594 -33.33757400512695 192.12916564941406
line -42.7247428894043 190.26194763183594 -38.04261779785156 191.25315856933594
line -47.381141662597656 189.1561279296875 -42.7247428894043 190.26194763183594
line -52.008995056152344 187.93637084960938 -47.381141662597656 189.1561279296875
line -56.60551834106445 186.6033935546875 -52.008995056152344 187.93637084960938
line -61.16795349121094 185.15802001953125 -56.60551834106445 186.6033935546875
line -65.69353485107422 183.6011199951172 -61.16795349121094 185.15802001953125
line -70.1795425415039 181.9336395263672 -65.69353485107422 183.6011199951172
line -74.62327575683594 180.1565399169922 -70.1795425415039 181.9336395263672
line -79.02208709716797 178.2709197998047 -74.62327575683594 180.1565399169922
line -83.3732681274414 176.27792358398438 -79.02208709716797 178.2709197998047
line -87.67423248291016 174.17877197265625 -83.3732681274414 176.27792358398438
line -91.9223861694336 171.97467041015625 -87.67423248291016 174.17877197265625
line -96.11518096923828 169.6669921875 -91.9223861694336 171.97467041015625
line -100.25006866455078 167.25709533691406 -96.11518096923828 169.6669921875
line -104.32456970214844 164.74644470214844 -100.25006866455078 167.25709533691406
line -108.33621978759766 162.13658142089844 -104.32456970214844 164.74644470214844
line -112.28263854980469 159.42904663085938 -108.33621978759766 162.13658142089844
line -116.16140747070312 156.62547302246094 -112.28263854980469 159.42904663085938
line -119.9701919555664 153.7275390625 -116.16140747070312 156.62547302246094
line -123.70672607421875 150.73704528808594 -119.9701919555664 153.7275390625
line -127.36874389648438 147.65573120117188 -123.70672607421875 150.73704528808594
line -130.95404052734375 144.48545837402344 -127.36874389648438 147.65573120117188
line -134.46044921875 141.22817993164062 -130.95404052734375 144.48545837402344
line -137.88587951660156 137.88583374023438 -134.46044921875 141.22817993164062
line -141.2282257080078 134.4604034423828 -137.88587951660156 137.88583374023438
line -144.4855194091797 130.9539794921875 -141.2282257080078 134.4604034423828
line -147.65577697753906 127.36868286132812 -144.4855194091797 130.9539794921875
line -150.73709106445312 123.7066650390625 -147.65577697753906 127.36868286132812
line -153.72760009765625 119.97013854980469 -150.73709106445312 123.7066650390625
line -156.62551879882812 116.16133880615234 -153.72760009765625 119.97013854980469
line -159.42909240722656 112.28257751464844 -156.62551879882812 116.16133880615234
line -162.13662719726562 108.3361587524414 -159.42909240722656 112.28257751464844
line -164.74649047851562 104.32450866699219 -162.13662719726562 108.3361587524414
line -167.2571258544922 100.2500228881836 -164.74649047851562 104.32450866699219
line -169.66700744628906 96.1151351928711 -167.2571258544922 100.2500228881836
line -171.9746856689453 91.92236328125 -169.66700744628906 96.1151351928711
line -174.17877197265625 87.6742172241211 -171.9746856689453 91.92236328125
line -176.27793884277344 83.37326049804688 -174.17877197265625 87.6742172241211
line -178.2709197998047 79.02208709716797 -176.27793884277344 83.37326049804688
line -180.1565399169922 74.62329864501953 -178.2709197998047 79.02208709716797
line -181.93362426757812 70.17957305908203 -180.1565399169922 74.62329864501953
line -183.6011199951172 65.69357299804688 -181.93362426757812 70.17957305908203
line -185.15802001953125 61.16799545288086 -183.6011199951172 65.69357299804688
line -186.60336303710938 56.60558319091797 -185.15802001953125 61.16799545288086
line -187.9363555908203 52.009063720703125 -186.60336303710938 56.60558319091797
line -189.15609741210938 47.381221771240234 -187.9363555908203 52.009063720703125
line -190.26193237304688 42.72483825683594 -189.15609741210938 47.381221771240234
line -191.25314331054688 38.04271697998047 -190.26193237304688 42.72483825683594
line -192.129150390625 33.33768081665039 -191.25314331054688 38.04271697998047
line -192.88943481445312 28.612565994262695 -192.129150390625 33.33768081665039
line -193.5335235595703 23.87021255493164 -192.88943481445312 28.612565994262695
line -194.06101989746094 19.113483428955078 -193.5335235595703 23.87021255493164
line -194.47164916992188 14.34523868560791 -194.06101989746094 19.113483428955078
line -194.76513671875 9.568354606628418 -194.47164916992188 14.34523868560791
line -194.94129943847656 4.785707473754883 -194.76513671875 9.568354606628418
line -195.00001525878906 0.00017672753892838955 -194.94129943847656 4.785707473754883
line -194.94129943847656 -4.785353660583496 -195.00001525878906 0.00017672753892838955
line -194.76516723632812 -9.568002700805664 -194.94129943847656 -4.785353660583496
line -194.47169494628906 -14.344887733459473 -194.76516723632812 -9.568002700805664
line -194.06106567382812 -19.113130569458008 -194.47169494628906 -14.344887733459473
line -193.5335693359375 -23.86985969543457 -194.06106567382812 -19.113130569458008
line -192.8894805908203 -28.612215042114258 -193.5335693359375 -23.86985969543457
line -192.12921142578125 -33.33732986450195 -192.8894805908203 -28.612215042114258
line -191.25318908691406 -38.04237365722656 -192.12921142578125 -33.33732986450195
line -190.2620086669922 -42.724491119384766 -191.25318908691406 -38.04237365722656
line -189.15618896484375 -47.38087844848633 -190.2620086669922 -42.724491119384766
line -187.9364471435547 -52.00872039794922 -189.15618896484375 -47.38087844848633
line -186.6034698486328 -56.60523986816406 -187.9364471435547 -52.00872039794922
line -185.1581268310547 -61.167659759521484 -186.6034698486328 -56.60523986816406
line -183.60121154785156 -65.6932373046875 -185.1581268310547 -61.167659759521484
line -181.93374633789062 -70.17923736572266 -183.60121154785156 -65.6932373046875
line -180.15664672851562 -74.62296295166016 -181.93374633789062 -70.17923736572266
line -178.27105712890625 -79.02175903320312 -180.15664672851562 -74.62296295166016
line -176.278076171875 -83.37295532226562 -178.27105712890625 -79.02175903320312
line -174.1789093017578 -87.67393493652344 -176.278076171875 -83.37295532226562
line -171.9748077392578 -91.92211151123047 -174.1789093017578 -87.67393493652344
line -169.66712951660156 -96.11491394042969 -171.9748077392578 -91.92211151123047
line -167.25723266601562 -100.24981689453125 -169.66712951660156 -96.11491394042969
line -164.74659729003906 -104.32432556152344 -167.25723266601562 -100.24981689453125
line -162.13673400878906 -108.33599853515625 -164.74659729003906 -104.32432556152344
line -159.42919921875 -112.28242492675781 -162.13673400878906 -108.33599853515625
line -156.62562561035156 -116.16120910644531 -159.42919921875 -112.28242492675781
line -153.72769165039062 -119.97000122070312 -156.62562561035156 -116.16120910644531
line -150.7371826171875 -123.70655059814453 -153.72769165039062 -119.97000122070312
line -147.65586853027344 -127.36858367919922 -150.7371826171875 -123.70655059814453
line -144.48561096191406 -130.95388793945312 -147.65586853027344 -127.36858367919922
line -141.22830200195312 -134.4603271484375 -144.48561096191406 -130.95388793945312
line -137.8859405517578 -137.88575744628906 -141.22830200195312 -134.4603271484375
line -134.46051025390625 -141.22811889648438 -137.8859405517578 -137.88575744628906
line -130.9541015625 -144.48541259765625 -134.46051025390625 -141.22811889648438
line -127.36878967285156 -147.6556854248047 -130.9541015625 -144.48541259765625
line -123.70677185058594 -150.73699951171875 -127.36878967285156 -147.6556854248047
line -119.97023010253906 -153.72752380371094 -123.70677185058594 -150.73699951171875
line -116.16143035888672 -156.6254425048828 -119.97023010253906 -153.72752380371094
line -112.28264617919922 -159.4290313720703 -116.16143035888672 -156.6254425048828
line -108.33623504638672 -162.13658142089844 -112.28264617919922 -159.4290313720703
line -104.32456970214844 -164.74644470214844 -108.33623504638672 -162.13658142089844
line -100.25005340576172 -167.25709533691406 -104.32456970214844 -164.74644470214844
line -96.11515045166016 -169.66700744628906 -100.25005340576172 -167.25709533691406
line -91.92235565185547 -171.97470092773438 -96.11515045166016 -169.66700744628906
line -87.67418670654297 -174.1787872314453 -91.92235565185547 -171.97470092773438
line -83.37321472167969 -176.2779541015625 -87.67418670654297 -174.1787872314453
line -79.02201080322266 -178.2709503173828 -83.37321472167969 -176.2779541015625
line -74.62320709228516 -180.1565704345703 -79.02201080322266 -178.2709503173828
line -70.17945861816406 -181.9336700439453 -74.62320709228516 -180.1565704345703
line -65.69343566894531 -183.60116577148438 -70.17945861816406 -181.9336700439453
line -61.16783142089844 -185.15806579589844 -65.69343566894531 -183.60116577148438
line -56.60540008544922 -186.60342407226562 -61.16783142089844 -185.15806579589844
line -52.008853912353516 -187.93641662597656 -56.60540008544922 -186.60342407226562
line -47.380985260009766 -189.15615844726562 -52.008853912353516 -187.93641662597656
line -42.724578857421875 -190.26199340820312 -47.380985260009766 -189.15615844726562
line -38.04243850708008 -191.25318908691406 -42.724578857421875 -190.26199340820312
line -33.33737564086914 -192.12921142578125 -38.04243850708008 -191.25318908691406
line -28.612232208251953 -192.8894805908203 -33.33737564086914 -192.12921142578125
line -23.869857788085938 -193.5335693359375 -28.612232208251953 -192.8894805908203
line -19.11310577392578 -194.06106567382812 -23.869857788085938 -193.5335693359375
line -14.344837188720703 -194.47169494628906 -19.11310577392578 -194.06106567382812
line -9.567930221557617 -194.76516723632812 -14.344837188720703 -194.47169494628906
line -4.785257816314697 -194.94131469726562 -9.567930221557617 -194.76516723632812
line 0.0002959972189273685 -195.00001525878906 -4.785257816314697 -194.94131469726562
line 4.785849571228027 -194.94129943847656 0.0002959972189273685 -195.00001525878906
line 9.568521499633789 -194.76513671875 4.785849571228027 -194.94129943847656
line 14.345428466796875 -194.47164916992188 9.568521499633789 -194.76513671875
line 19.11369514465332 -194.06100463867188 14.345428466796875 -194.47164916992188
line 23.870445251464844 -193.5334930419922 19.11369514465332 -194.06100463867188
line 28.61281967163086 -192.88938903808594 23.870445251464844 -193.5334930419922
line 33.33795928955078 -192.1291046142578 28.61281967163086 -192.88938903808594
line 38.04301452636719 -191.25308227539062 33.33795928955078 -192.1291046142578
line 42.72515869140625 -190.26185607910156 38.04301452636719 -191.25308227539062
line 47.381561279296875 -189.15602111816406 42.72515869140625 -190.26185607910156
line 52.009422302246094 -187.93624877929688 47.381561279296875 -189.15602111816406
line 56.605960845947266 -186.60324096679688 52.009422302246094 -187.93624877929688
line 61.168399810791016 -185.1578826904297 56.605960845947266 -186.60324096679688
line 65.6939926147461 -183.6009521484375 61.168399810791016 -185.1578826904297
line 70.18001556396484 -181.93344116210938 65.6939926147461 -183.6009521484375
line 74.6237564086914 -180.15634155273438 70.18001556396484 -181.93344116210938
line 79.02255249023438 -178.2707061767578 74.6237564086914 -180.15634155273438
line 83.37374877929688 -176.2777099609375 79.02255249023438 -178.2707061767578
line 87.67472076416016 -174.17852783203125 83.37374877929688 -176.2777099609375
line 91.9228744506836 -171.9744110107422 87.67472076416016 -174.17852783203125
line 96.11566162109375 -169.6667022705078 91.9228744506836 -171.9744110107422
line 100.25056457519531 -167.2567901611328 96.11566162109375 -169.6667022705078
line 104.32506561279297 -164.7461395263672 100.25056457519531 -167.2567901611328
line 108.33671569824219 -162.13626098632812 104.32506561279297 -164.7461395263672
line 112.28313446044922 -159.4287109375 108.33671569824219 -162.13626098632812
line 116.16191101074219 -156.62510681152344 112.28313446044922 -159.4287109375
line 119.97069549560547 -153.72715759277344 116.16191101074219 -156.62510681152344
line 123.70722961425781 -150.73663330078125 119.97069549560547 -153.72715759277344
line 127.36925506591797 -147.65530395507812 123.70722961425781 -150.73663330078125
line 130.95452880859375 -144.48501586914062 127.36925506591797 -147.65530395507812
line 134.46095275878906 -141.22769165039062 130.95452880859375 -144.48501586914062
line 137.88636779785156 -137.8853302001953 134.46095275878906 -141.22769165039062
line 141.2287139892578 -134.4598846435547 137.88636779785156 -137.8853302001953
line 144.48599243164062 -130.9534454345703 141.2287139892578 -134.4598846435547
line 147.65621948242188 -127.36817932128906 144.48599243164062 -130.9534454345703
line 150.737548828125 -123.70613098144531 147.65621948242188 -127.36817932128906
line 153.72804260253906 -119.9695816040039 150.737548828125 -123.70613098144531
line 156.62594604492188 -116.1607666015625 153.72804260253906 -119.9695816040039
line 159.4295196533203 -112.281982421875 156.62594604492188 -116.1607666015625
line 162.13702392578125 -108.3355484008789 159.4295196533203 -112.281982421875
line 164.7469024658203 -104.32386779785156 162.13702392578125 -108.3355484008789
line 167.2575225830078 -100.24934387207031 164.7469024658203 -104.32386779785156
line 169.6674041748047 -96.11443328857422 167.2575225830078 -100.24934387207031
line 171.97506713867188 -91.92162322998047 169.6674041748047 -96.11443328857422
line 174.1791534423828 -87.67345428466797 171.97506713867188 -91.92162322998047
line 176.2783203125 -83.37246704101562 174.1791534423828 -87.67345428466797
line 178.2712860107422 -79.02125549316406 176.2783203125 -83.37246704101562
line 180.15687561035156 -74.62244415283203 178.2712860107422 -79.02125549316406
line 181.93394470214844 -70.1786880493164 180.15687561035156 -74.62244415283203
line 183.60142517089844 -65.69265747070312 181.93394470214844 -70.1786880493164
line 185.1583251953125 -61.167057037353516 183.60142517089844 -65.69265747070312
line 186.60366821289062 -56.60460662841797 185.1583251953125 -61.167057037353516
line 187.93661499023438 -52.008056640625 186.60366821289062 -56.60460662841797
line 189.15634155273438 -47.380191802978516 187.93661499023438 -52.008056640625
line 190.2621612548828 -42.723777770996094 189.15634155273438 -47.380191802978516
line 191.2533416748047 -38.0416259765625 190.2621612548828 -42.723777770996094
line 192.1293487548828 -33.33656692504883 191.2533416748047 -38.0416259765625
line 192.8896026611328 -28.61142349243164 192.1293487548828 -33.33656692504883
line 193.53367614746094 -23.869041442871094 192.8896026611328 -28.61142349243164
line 194.06114196777344 -19.112287521362305 193.53367614746094 -23.869041442871094
line 194.4717559814453 -14.34401798248291 194.06114196777344 -19.112287521362305
line 194.7652130126953 -9.567110061645508 194.4717559814453 -14.34401798248291
line 194.9413299560547 -4.78443717956543 194.7652130126953 -9.567110061645508
line 195.00001525878906 0.0011174092069268227 194.9413299560547 -4.78443717956543
line 194.9412841796875 4.786670684814453 195.00001525878906 0.0011174092069268227
line 194.7650909423828 9.569339752197266 194.9412841796875 4.786670684814453
line 194.47158813476562 14.346247673034668 194.7650909423828 9.569339752197266
line 194.0609130859375 19.114513397216797 194.47158813476562 14.346247673034668
line 193.5334014892578 23.871261596679688 194.0609130859375 19.114513397216797
line 192.8892822265625 28.613636016845703 193.5334014892578 23.871261596679688
line 192.12896728515625 33.338768005371094 192.8892822265625 28.613636016845703
line 191.25291442871094 38.043819427490234 192.12896728515625 33.338768005371094
line 190.2616729736328 42.72595977783203 191.25291442871094 38.043819427490234
line 189.1558074951172 47.38235855102539 190.2616729736328 42.72595977783203
line 187.93601989746094 52.010215759277344 189.1558074951172 47.38235855102539
line 186.60302734375 56.60674285888672 187.93601989746094 52.010215759277344
line 185.15760803222656 61.16917419433594 186.60302734375 56.60674285888672
line 183.60067749023438 65.69477081298828 185.15760803222656 61.16917419433594
line 181.9331512451172 70.18077850341797 183.60067749023438 65.69477081298828
line 180.15603637695312 74.62450408935547 181.9331512451172 70.18077850341797
line 178.2703857421875 79.02330780029297 180.15603637695312 74.62450408935547
line 176.27735900878906 83.37448120117188 178.2703857421875 79.02330780029297
line 174.1781463623047 87.67544555664062 176.27735900878906 83.37448120117188
line 171.97401428222656 91.9236068725586 174.1781463623047 87.67544555664062
line 169.6663055419922 96.11638641357422 171.97401428222656 91.9236068725586
line 167.25636291503906 100.25126647949219 169.6663055419922 96.11638641357422
line 164.74569702148438 104.32576751708984 167.25636291503906 100.25126647949219
line 162.1357879638672 108.33740234375 164.74569702148438 104.32576751708984
line 159.42823791503906 112.28380584716797 162.1357879638672 108.33740234375
line 156.62461853027344 116.16256713867188 159.42823791503906 112.28380584716797
line 153.72665405273438 119.97134399414062 156.62461853027344 116.16256713867188
line 150.73611450195312 123.7078628540039 153.72665405273438 119.97134399414062
line 147.65475463867188 127.36985778808594 150.73611450195312 123.7078628540039
line 144.48446655273438 130.95513916015625 147.65475463867188 127.36985778808594
line 141.2271270751953 134.4615478515625 144.48446655273438 130.95513916015625
line 137.88475036621094 137.88694763183594 141.2271270751953 134.4615478515625
line 134.45928955078125 141.22927856445312 137.88475036621094 137.88694763183594
line 130.9528350830078 144.48654174804688 134.45928955078125 141.22927856445312
line 127.36750793457031 147.65679931640625 130.9528350830078 144.48654174804688
line 123.70545959472656 150.7380828857422 127.36750793457031 147.65679931640625
line 119.96888732910156 153.7285614013672 123.70545959472656 150.7380828857422
line 116.16007232666016 156.62646484375 119.96888732910156 153.7285614013672
line 112.2812728881836 159.43002319335938 116.16007232666016 156.62646484375
line 108.3348388671875 162.1375274658203 112.2812728881836 159.43002319335938
line 104.32312774658203 164.7473602294922 108.3348388671875 162.1375274658203
line 100.24860382080078 167.25796508789062 104.32312774658203 164.7473602294922
line 96.11367797851562 169.66783142089844 100.24860382080078 167.25796508789062
line 91.92086029052734 171.97547912597656 96.11367797851562 169.66783142089844
line 87.67267608642578 174.17955017089844 91.92086029052734 171.97547912597656
line 83.3716812133789 176.2786865234375 87.67267608642578 174.17955017089844
line 79.02046203613281 178.27163696289062 83.3716812133789 176.2786865234375
line 74.62164306640625 180.1572265625 79.02046203613281 178.27163696289062
line 70.1778793334961 181.93426513671875 74.62164306640625 180.1572265625
line 65.69184875488281 183.6017303466797 70.1778793334961 181.93426513671875
line 61.166229248046875 185.15859985351562 65.69184875488281 183.6017303466797
line 56.60377502441406 186.60391235351562 61.166229248046875 185.15859985351562
line 52.00722122192383 187.9368438720703 56.60377502441406 186.60391235351562
line 47.37934875488281 189.1565704345703 52.00722122192383 187.9368438720703
line 42.722930908203125 190.26235961914062 47.37934875488281 189.1565704345703
line 38.040775299072266 191.25350952148438 42.722930908203125 190.26235961914062
line 33.33570861816406 192.12950134277344 38.040775299072266 191.25350952148438
line 28.610563278198242 192.8897247314453 33.33570861816406 192.12950134277344
line 23.868181228637695 193.53378295898438 28.610563278198242 192.8897247314453
line 19.111421585083008 194.0612335205078 23.868181228637695 193.53378295898438
line 14.343151092529297 194.47181701660156 19.111421585083008 194.0612335205078
line 9.566240310668945 194.76524353027344 14.343151092529297 194.47181701660156
line 4.783567905426025 194.94134521484375 9.566240310668945 194.76524353027344
line 0.0 195.00001525878906 4.783567905426025 194.94134521484375
