line -2.853553295135498 0.3535533845424652 -2.5 0.5
line -3.0 -2.1855694143368964e-08 -2.853553295135498 0.3535533845424652
line -2.853553295135498 -0.3535533845424652 -3.0 -2.1855694143368964e-08
line -2.5 -0.5 -2.853553295135498 -0.3535533845424652
line -2.146446466445923 -0.35355332493782043 -2.5 -0.5
line -2.0 5.962440319251527e-09 -2.146446466445923 -0.35355332493782043
line -2.146446466445923 0.35355332493782043 -2.0 5.962440319251527e-09
line -2.5 0.5 -2.146446466445923 0.35355332493782043
line 2.146446704864502 0.3535533845424652 2.5 0.5
line 2.0 -2.1855694143368964e-08 2.146446704864502 0.3535533845424652
line 2.146446704864502 -0.3535533845424652 2.0 -2.1855694143368964e-08
line 2.5 -0.5 2.146446704864502 -0.3535533845424652
line 2.853553533554077 -0.35355332493782043 2.5 -0.5
line 3.0 5.962440319251527e-09 2.853553533554077 -0.35355332493782043
line 2.853553533554077 0.35355332493782043 3.0 5.962440319251527e-09
line 2.5 0.5 2.853553533554077 0.35355332493782043
label 5x20mm~fuse~clip -1.1920928955078125e-07 -1.1920928955078125e-07 0.0 0.30000004172325134
