line -1.600000023841858 0.2999998927116394 -1.600000023841858 1.100000023841858
line -1.600000023841858 0.2999998927116394 -1.2999999523162842 0.2999998927116394
line -1.2999999523162842 0.2999998927116394 -1.600000023841858 -0.2000000923871994
line -1.600000023841858 -0.2000000923871994 -1.2999999523162842 -0.2000001072883606
line -1.600000023841858 0.2999998927116394 -1.9000000953674316 0.2999998927116394
line -1.600000023841858 -0.2000000923871994 -1.9000000953674316 0.2999998927116394
line -1.600000023841858 -0.2000000923871994 -1.9000000953674316 -0.2000000774860382
line -1.600000023841858 -0.2000000923871994 -1.600000023841858 -1.100000023841858
line -3.1500000953674316 -1.1000001430511475 -1.600000023841858 -1.100000023841858
line -3.25 2.299999952316284 3.25 2.299999952316284
line -3.25 -2.299999952316284 3.25 -2.299999952316284
line 3.25 2.299999952316284 3.25 -2.299999952316284
line -3.25 2.299999952316284 -3.25 -2.299999952316284
line 4.009999752044678 1.5199999809265137 3.609999656677246 1.5199999809265137
line 3.609999656677246 1.5199999809265137 3.609999656677246 1.0199999809265137
line 3.609999656677246 1.0199999809265137 4.009999752044678 1.0199999809265137
line 4.009999752044678 1.5199999809265137 4.009999752044678 1.0199999809265137
line 3.609999656677246 1.5199999809265137 3.309999704360962 1.5199999809265137
line 4.009999752044678 1.0199999809265137 4.009999752044678 0.7199999690055847
line 4.009999752044678 0.7199999690055847 3.309999704360962 0.7199999690055847
line -4.009999752044678 1.5199999809265137 -3.609999656677246 1.5199999809265137
line -3.609999656677246 1.5199999809265137 -3.609999656677246 1.0199999809265137
line -3.609999656677246 1.0199999809265137 -4.009999752044678 1.0199999809265137
line -4.009999752044678 1.5199999809265137 -4.009999752044678 1.0199999809265137
line -3.609999656677246 1.5199999809265137 -3.309999704360962 1.5199999809265137
line -4.009999752044678 1.0199999809265137 -4.009999752044678 0.7199999690055847
line -4.009999752044678 0.7199999690055847 -3.309999704360962 0.7199999690055847
line 4.009999752044678 -1.5199999809265137 3.609999656677246 -1.5199999809265137
line 3.609999656677246 -1.5199999809265137 3.609999656677246 -1.0199999809265137
line 3.609999656677246 -1.0199999809265137 4.009999752044678 -1.0199999809265137
line 4.009999752044678 -1.5199999809265137 4.009999752044678 -1.0199999809265137
line 3.609999656677246 -1.5199999809265137 3.309999704360962 -1.5199999809265137
line 4.009999752044678 -1.0199999809265137 4.009999752044678 -0.7199999690055847
line 4.009999752044678 -0.7199999690055847 3.309999704360962 -0.7199999690055847
line -4.009999752044678 -1.5199999809265137 -3.609999656677246 -1.5199999809265137
line -3.609999656677246 -1.5199999809265137 -3.609999656677246 -1.0199999809265137
line -3.609999656677246 -1.0199999809265137 -4.009999752044678 -1.0199999809265137
line -4.009999752044678 -1.5199999809265137 -4.009999752044678 -1.0199999809265137
line -3.609999656677246 -1.5199999809265137 -3.309999704360962 -1.5199999809265137
line -4.009999752044678 -1.0199999809265137 -4.009999752044678 -0.7199999690055847
line -4.009999752044678 -0.7199999690055847 -3.309999704360962 -0.7199999690055847
line -2.549999952316284 2.299999952316284 -2.549999952316284 -2.299999952316284
line -3.1500000953674316 1.0999999046325684 -1.600000023841858 1.100000023841858
line 3.1500000953674316 1.0999999046325684 1.6500000953674316 1.0999999046325684
line 1.6500000953674316 1.0999999046325684 1.6500000953674316 0.5999999046325684
line 1.6500000953674316 0.5999999046325684 1.2500001192092896 0.2999998927116394
line 3.1500000953674316 -1.0999999046325684 1.6500000953674316 -1.0999999046325684
line 1.6500000953674316 -1.0999999046325684 1.6500000953674316 -0.5999999046325684
line 1.6500000953674316 -0.5999999046325684 1.2500001192092896 -0.2999998927116394
line 1.2500001192092896 0.6000001430511475 1.2500001192092896 -0.5999999046325684
line 1.3261699676513672 -0.5338267683982849 1.5785647630691528 -0.5469548106193542
line 1.5785647630691528 -0.5469548106193542 1.4928100109100342 -0.30347663164138794
line -0.800000011920929 0.0 0.800000011920929 0.0
line 0.800000011920929 0.0 0.5 -0.20000000298023224
line 0.800000011920929 0.0 0.5 0.20000000298023224
