line -0.15000006556510925 0.3499999940395355 0.14999991655349731 -0.34999993443489075
line -4.400000095367432 3.725290298461914e-08 -0.9000000357627869 3.725290298461914e-08
line -0.4500001072883606 -0.34999993443489075 -0.15000006556510925 0.3499999940395355
line -0.75 0.3499999940395355 -0.4500001072883606 -0.34999993443489075
line -0.9000000357627869 3.725290298461914e-08 -0.75 0.3499999940395355
line 4.400000095367432 3.725290298461914e-08 0.8999999761581421 3.725290298461914e-08
line 0.4499998986721039 0.3499999940395355 0.7499999403953552 -0.34999993443489075
line 0.7499999403953552 -0.34999993443489075 0.8999999761581421 3.725290298461914e-08
line 0.14999991655349731 -0.34999993443489075 0.4499998986721039 0.3499999940395355
line 4.5 -0.4000002145767212 5.0 -0.4000002145767212
line -4.5 -0.4000002145767212 -5.0 -0.4000002145767212
line -4.5 -1.500000238418579 4.5 -1.500000238418579
line 4.5 0.4000002145767212 5.0 0.4000002145767212
line -4.5 0.4000002145767212 -5.0 0.4000002145767212
line -5.0 -0.4000002145767212 -5.0 0.4000002145767212
line 5.0 -0.4000002145767212 5.0 0.4000002145767212
line -4.5 1.500000238418579 4.5 1.500000238418579
line -4.5 -1.500000238418579 -4.5 1.500000238418579
line 4.5 -1.500000238418579 4.5 1.500000238418579
line 6.269835948944092 -0.23016387224197388 6.17449951171875 0.0
line 6.73016357421875 0.23016254603862762 6.825500011444092 -4.434585889612208e-07
line 6.17449951171875 0.0 6.26983642578125 0.23016344010829926
line 6.825500011444092 -4.434585889612208e-07 6.73016357421875 -0.23016344010829926
line -6.26983642578125 0.23016344010829926 -6.500000476837158 0.3254990577697754
line -6.5 -0.3255012631416321 -6.269835948944092 -0.23016387224197388
line -6.825500011444092 -4.434585889612208e-07 -6.73016357421875 -0.23016344010829926
line -6.17449951171875 0.0 -6.26983642578125 0.23016344010829926
line -6.73016357421875 0.23016254603862762 -6.825500011444092 -4.434585889612208e-07
line -6.269835948944092 -0.23016387224197388 -6.17449951171875 0.0
line -5.0 -0.3255000412464142 -6.5 -0.3255012631416321
line -5.0 0.3255000412464142 -6.500000476837158 0.3254990577697754
line -6.73016357421875 -0.23016344010829926 -6.5 -0.3255012631416321
line -6.500000476837158 0.3254990577697754 -6.73016357421875 0.23016254603862762
line 6.500000476837158 0.3254990577697754 6.73016357421875 0.23016254603862762
line 6.5 -0.3255012631416321 6.269835948944092 -0.23016387224197388
line 6.73016357421875 -0.23016344010829926 6.5 -0.3255012631416321
line 6.26983642578125 0.23016344010829926 6.500000476837158 0.3254990577697754
line 5.0 0.3255000412464142 6.500000476837158 0.3254990577697754
line 5.0 -0.3255000412464142 6.5 -0.3255012631416321
label 47R 0.0 0.6000000238418579 0.0 0.30000001192092896
label 0.5W 0.0 -0.6000000238418579 0.0 0.30000001192092896
label 700V~overload 0.0 -1.0 0.0 0.30000001192092896
