line -0.3500000238418579 7.450580596923828e-08 -0.3500000238418579 0.75
line -4.5 7.450580596923828e-08 -0.3500000238418579 7.450580596923828e-08
line -0.3500000238418579 7.450580596923828e-08 -0.3500000238418579 -0.75
line 0.34999996423721313 7.450580596923828e-08 0.34999996423721313 0.75
line 0.34999996423721313 7.450580596923828e-08 0.34999996423721313 -0.75
line 0.34999996423721313 7.450580596923828e-08 4.5 7.450580596923828e-08
line 6.25 3.0 -6.25 3.0
line 6.25 -3.0 -6.25 -3.0
line 6.25 3.0 6.25 -3.0
line -6.25 3.0 -6.25 -3.0
line -5.212131977081299 0.2121320366859436 -5.0 0.30000001192092896
line -5.300000190734863 -1.311341701892843e-08 -5.212131977081299 0.2121320366859436
line -5.212131977081299 -0.2121320366859436 -5.300000190734863 -1.311341701892843e-08
line -5.0 -0.30000001192092896 -5.212131977081299 -0.2121320366859436
line -4.787868022918701 -0.21213200688362122 -5.0 -0.30000001192092896
line -4.699999809265137 3.5774643247776794e-09 -4.787868022918701 -0.21213200688362122
line -4.787868022918701 0.21213200688362122 -4.699999809265137 3.5774643247776794e-09
line -5.0 0.30000001192092896 -4.787868022918701 0.21213200688362122
line 4.787868022918701 0.2121320366859436 5.0 0.30000001192092896
line 4.699999809265137 -1.311341701892843e-08 4.787868022918701 0.2121320366859436
line 4.787868022918701 -0.2121320366859436 4.699999809265137 -1.311341701892843e-08
line 5.0 -0.30000001192092896 4.787868022918701 -0.2121320366859436
line 5.212131977081299 -0.21213200688362122 5.0 -0.30000001192092896
line 5.300000190734863 3.5774643247776794e-09 5.212131977081299 -0.21213200688362122
line 5.212131977081299 0.21213200688362122 5.300000190734863 3.5774643247776794e-09
line 5.0 0.30000001192092896 5.212131977081299 0.21213200688362122
label 100nF~X2 0.0 1.2999999523162842 0.0 0.30000004172325134
label 630VDC 0.0 0.9999999403953552 0.0 0.30000004172325134
