line -0.5 0.0 -0.3535534143447876 0.3535533845424652
line -0.3535534143447876 0.3535533845424652 -4.470348358154297e-08 0.5
line -4.470348358154297e-08 0.5 0.3535533547401428 0.35355344414711
line 0.3535533547401428 0.35355344414711 0.5 8.940696716308594e-08
line 0.5 8.940696716308594e-08 0.3535534739494324 -0.35355332493782043
line 0.3535534739494324 -0.35355332493782043 1.341104507446289e-07 -0.5
line 1.341104507446289e-07 -0.5 -0.35355329513549805 -0.35355350375175476
line -0.35355329513549805 -0.35355350375175476 -0.5 0.0
line -10.65999984741211 0.0 -10.513553619384766 0.3535533845424652
line -10.513553619384766 0.3535533845424652 -10.15999984741211 0.5
line -10.15999984741211 0.5 -9.806446075439453 0.35355344414711
line -9.806446075439453 0.35355344414711 -9.65999984741211 8.940696716308594e-08
line -9.65999984741211 8.940696716308594e-08 -9.806446075439453 -0.35355332493782043
line -9.806446075439453 -0.35355332493782043 -10.15999984741211 -0.5
line -10.15999984741211 -0.5 -10.513553619384766 -0.35355350375175476
line -10.513553619384766 -0.35355350375175476 -10.65999984741211 0.0
line -10.65999984741211 -45.720001220703125 -10.513553619384766 -46.07355499267578
line -10.513553619384766 -46.07355499267578 -10.15999984741211 -46.220001220703125
line -10.15999984741211 -46.220001220703125 -9.806446075439453 -46.07355499267578
line -9.806446075439453 -46.07355499267578 -9.65999984741211 -45.720001220703125
line -9.65999984741211 -45.720001220703125 -9.806446075439453 -45.36644744873047
line -9.806446075439453 -45.36644744873047 -10.15999984741211 -45.220001220703125
line -10.15999984741211 -45.220001220703125 -10.513553619384766 -45.36644744873047
line -10.513553619384766 -45.36644744873047 -10.65999984741211 -45.720001220703125
line 10.65999984741211 -45.720001220703125 10.513553619384766 -46.07355499267578
line 10.513553619384766 -46.07355499267578 10.15999984741211 -46.220001220703125
line 10.15999984741211 -46.220001220703125 9.806446075439453 -46.07355499267578
line 9.806446075439453 -46.07355499267578 9.65999984741211 -45.720001220703125
line 9.65999984741211 -45.720001220703125 9.806446075439453 -45.36644744873047
line 9.806446075439453 -45.36644744873047 10.15999984741211 -45.220001220703125
line 10.15999984741211 -45.220001220703125 10.513553619384766 -45.36644744873047
line 10.513553619384766 -45.36644744873047 10.65999984741211 -45.720001220703125
line 13.699999809265137 -49.11000061035156 -13.699999809265137 -49.11000061035156
line 13.699999809265137 3.3899993896484375 -13.699999809265137 3.3899993896484375
line 13.699999809265137 -49.11000061035156 13.699999809265137 3.3899993896484375
line -13.699999809265137 -49.11000061035156 -13.699999809265137 3.3899993896484375
label N -10.15999984741211 -44.599998474121094 0.0 1.0
label L 10.15999984741211 -44.599998474121094 0.0 1.0
label 5V~4A -10.140000343322754 -1.5 0.0 1.0
label 0V 0.0 -1.5 0.0 1.0
