line -0.5 0.0 -0.3535534143447876 0.3535533845424652
line -0.3535534143447876 0.3535533845424652 -4.470348358154297e-08 0.428597629070282
line -4.470348358154297e-08 0.428597629070282 0.3535533547401428 0.35355344414711
line 0.3535533547401428 0.35355344414711 0.5 8.940696716308594e-08
line 0.5 8.940696716308594e-08 0.3535534739494324 -0.35355332493782043
line 0.3535534739494324 -0.35355332493782043 1.341104507446289e-07 -0.5
line 1.341104507446289e-07 -0.5 -0.35355329513549805 -0.35355350375175476
line -0.35355329513549805 -0.35355350375175476 -0.5 0.0
line -5.5 0.0 -5.353553295135498 0.3535533845424652
line -5.353553295135498 0.3535533845424652 -5.0 0.5
line -5.0 0.5 -4.646446704864502 0.35355344414711
line -4.646446704864502 0.35355344414711 -4.5 8.940696716308594e-08
line -4.5 8.940696716308594e-08 -4.646446704864502 -0.35355332493782043
line -4.646446704864502 -0.35355332493782043 -5.0 -0.5
line -5.0 -0.5 -5.353553295135498 -0.35355350375175476
line -5.353553295135498 -0.35355350375175476 -5.5 0.0
line 4.5 0.0 4.646446704864502 0.3535533845424652
line 4.646446704864502 0.3535533845424652 5.0 0.5
line 5.0 0.5 5.353553295135498 0.35355344414711
line 5.353553295135498 0.35355344414711 5.5 8.940696716308594e-08
line 5.5 8.940696716308594e-08 5.353553295135498 -0.35355332493782043
line 5.353553295135498 -0.35355332493782043 5.0 -0.5
line 5.0 -0.5 4.646446704864502 -0.35355350375175476
line 4.646446704864502 -0.35355350375175476 4.5 0.0
line -7.5 2.6500000953674316 -7.5 -7.349999904632568
line 8.0 2.6500000953674316 -7.5 2.6500000953674316
line -7.5 -7.349999904632568 7.5 -7.349999904632568
line 7.5 2.6500000953674316 7.5 -7.349999904632568
line 8.0 -3.549999952316284 8.0 2.6500000953674316
line 7.5 -3.549999952316284 8.0 -3.549999952316284
label Screw~terminal~block 0.0 -2.0 0.0 1.0
