line 0.47499990463256836 3.9000000953674316 0.1749998927116394 3.9000000953674316
line 0.47499990463256836 3.0 0.1749998927116394 3.0
line 0.1749998927116394 3.9000000953674316 0.1749998927116394 3.0
line 0.47499990463256836 3.0 0.47499990463256836 3.9000000953674316
line 1.1249998807907104 3.9000000953674316 0.8249998688697815 3.9000000953674316
line 1.1249998807907104 3.0 0.8249998688697815 3.0
line 0.8249998688697815 3.9000000953674316 0.8249998688697815 3.0
line 1.1249998807907104 3.0 1.1249998807907104 3.9000000953674316
line 1.7749998569488525 3.9000000953674316 1.4749999046325684 3.9000000953674316
line 1.7749998569488525 3.0 1.4749999046325684 3.0
line 1.4749999046325684 3.9000000953674316 1.4749999046325684 3.0
line 1.7749998569488525 3.0 1.7749998569488525 3.9000000953674316
line 2.424999713897705 3.9000000953674316 2.124999761581421 3.9000000953674316
line 2.424999713897705 3.0 2.124999761581421 3.0
line 2.124999761581421 3.9000000953674316 2.124999761581421 3.0
line 2.424999713897705 3.0 2.424999713897705 3.9000000953674316
line 3.0749998092651367 3.9000000953674316 2.7749998569488525 3.9000000953674316
line 3.0749998092651367 3.0 2.7749998569488525 3.0
line 2.7749998569488525 3.9000000953674316 2.7749998569488525 3.0
line 3.0749998092651367 3.0 3.0749998092651367 3.9000000953674316
line 3.7249996662139893 3.9000000953674316 3.424999713897705 3.9000000953674316
line 3.7249996662139893 3.0 3.424999713897705 3.0
line 3.424999713897705 3.9000000953674316 3.424999713897705 3.0
line 3.7249996662139893 3.0 3.7249996662139893 3.9000000953674316
line 4.375 3.9000000953674316 4.074999809265137 3.9000000953674316
line 4.375 3.0 4.074999809265137 3.0
line 4.074999809265137 3.9000000953674316 4.074999809265137 3.0
line 4.375 3.0 4.375 3.9000000953674316
line -0.47499990463256836 3.0 -0.47499990463256836 3.9000000953674316
line -0.47499990463256836 3.9000000953674316 -0.1749998927116394 3.9000000953674316
line -0.47499990463256836 3.0 -0.1749998927116394 3.0
line -0.1749998927116394 3.9000000953674316 -0.1749998927116394 3.0
line -1.1249998807907104 3.9000000953674316 -0.8249998688697815 3.9000000953674316
line -1.1249998807907104 3.0 -0.8249998688697815 3.0
line -0.8249998688697815 3.9000000953674316 -0.8249998688697815 3.0
line -1.1249998807907104 3.0 -1.1249998807907104 3.9000000953674316
line -1.7749998569488525 3.9000000953674316 -1.4749999046325684 3.9000000953674316
line -1.7749998569488525 3.0 -1.4749999046325684 3.0
line -1.4749999046325684 3.9000000953674316 -1.4749999046325684 3.0
line -1.7749998569488525 3.0 -1.7749998569488525 3.9000000953674316
line -2.424999713897705 3.9000000953674316 -2.124999761581421 3.9000000953674316
line -2.424999713897705 3.0 -2.124999761581421 3.0
line -2.124999761581421 3.9000000953674316 -2.124999761581421 3.0
line -2.424999713897705 3.0 -2.424999713897705 3.9000000953674316
line -3.0749998092651367 3.9000000953674316 -2.7749998569488525 3.9000000953674316
line -3.0749998092651367 3.0 -2.7749998569488525 3.0
line -2.7749998569488525 3.9000000953674316 -2.7749998569488525 3.0
line -3.0749998092651367 3.0 -3.0749998092651367 3.9000000953674316
line -3.7249996662139893 3.9000000953674316 -3.424999713897705 3.9000000953674316
line -3.7249996662139893 3.0 -3.424999713897705 3.0
line -3.424999713897705 3.9000000953674316 -3.424999713897705 3.0
line -3.7249996662139893 3.0 -3.7249996662139893 3.9000000953674316
line -4.375 3.9000000953674316 -4.074999809265137 3.9000000953674316
line -4.375 3.0 -4.074999809265137 3.0
line -4.074999809265137 3.9000000953674316 -4.074999809265137 3.0
line -4.375 3.0 -4.375 3.9000000953674316
line -0.47499990463256836 -3.0 -0.47499990463256836 -3.9000000953674316
line -0.47499990463256836 -3.9000000953674316 -0.1749998927116394 -3.9000000953674316
line -0.47499990463256836 -3.0 -0.1749998927116394 -3.0
line -0.1749998927116394 -3.9000000953674316 -0.1749998927116394 -3.0
line -1.1249998807907104 -3.9000000953674316 -0.8249998688697815 -3.9000000953674316
line -1.1249998807907104 -3.0 -0.8249998688697815 -3.0
line -0.8249998688697815 -3.9000000953674316 -0.8249998688697815 -3.0
line -1.1249998807907104 -3.0 -1.1249998807907104 -3.9000000953674316
line -1.7749998569488525 -3.9000000953674316 -1.4749999046325684 -3.9000000953674316
line -1.7749998569488525 -3.0 -1.4749999046325684 -3.0
line -1.4749999046325684 -3.9000000953674316 -1.4749999046325684 -3.0
line -1.7749998569488525 -3.0 -1.7749998569488525 -3.9000000953674316
line -2.424999713897705 -3.9000000953674316 -2.124999761581421 -3.9000000953674316
line -2.424999713897705 -3.0 -2.124999761581421 -3.0
line -2.124999761581421 -3.9000000953674316 -2.124999761581421 -3.0
line -2.424999713897705 -3.0 -2.424999713897705 -3.9000000953674316
line -3.0749998092651367 -3.9000000953674316 -2.7749998569488525 -3.9000000953674316
line -3.0749998092651367 -3.0 -2.7749998569488525 -3.0
line -2.7749998569488525 -3.9000000953674316 -2.7749998569488525 -3.0
line -3.0749998092651367 -3.0 -3.0749998092651367 -3.9000000953674316
line -3.7249996662139893 -3.9000000953674316 -3.424999713897705 -3.9000000953674316
line -3.7249996662139893 -3.0 -3.424999713897705 -3.0
line -3.424999713897705 -3.9000000953674316 -3.424999713897705 -3.0
line -3.7249996662139893 -3.0 -3.7249996662139893 -3.9000000953674316
line -4.375 -3.9000000953674316 -4.074999809265137 -3.9000000953674316
line -4.375 -3.0 -4.074999809265137 -3.0
line -4.074999809265137 -3.9000000953674316 -4.074999809265137 -3.0
line -4.375 -3.0 -4.375 -3.9000000953674316
line 0.47499990463256836 -3.0 0.47499990463256836 -3.9000000953674316
line 0.47499990463256836 -3.9000000953674316 0.1749998927116394 -3.9000000953674316
line 0.47499990463256836 -3.0 0.1749998927116394 -3.0
line 0.1749998927116394 -3.9000000953674316 0.1749998927116394 -3.0
line 1.1249998807907104 -3.9000000953674316 0.8249998688697815 -3.9000000953674316
line 1.1249998807907104 -3.0 0.8249998688697815 -3.0
line 0.8249998688697815 -3.9000000953674316 0.8249998688697815 -3.0
line 1.1249998807907104 -3.0 1.1249998807907104 -3.9000000953674316
line 1.7749998569488525 -3.9000000953674316 1.4749999046325684 -3.9000000953674316
line 1.7749998569488525 -3.0 1.4749999046325684 -3.0
line 1.4749999046325684 -3.9000000953674316 1.4749999046325684 -3.0
line 1.7749998569488525 -3.0 1.7749998569488525 -3.9000000953674316
line 2.424999713897705 -3.9000000953674316 2.124999761581421 -3.9000000953674316
line 2.424999713897705 -3.0 2.124999761581421 -3.0
line 2.124999761581421 -3.9000000953674316 2.124999761581421 -3.0
line 2.424999713897705 -3.0 2.424999713897705 -3.9000000953674316
line 3.0749998092651367 -3.9000000953674316 2.7749998569488525 -3.9000000953674316
line 3.0749998092651367 -3.0 2.7749998569488525 -3.0
line 2.7749998569488525 -3.9000000953674316 2.7749998569488525 -3.0
line 3.0749998092651367 -3.0 3.0749998092651367 -3.9000000953674316
line 3.7249996662139893 -3.9000000953674316 3.424999713897705 -3.9000000953674316
line 3.7249996662139893 -3.0 3.424999713897705 -3.0
line 3.424999713897705 -3.9000000953674316 3.424999713897705 -3.0
line 3.7249996662139893 -3.0 3.7249996662139893 -3.9000000953674316
line 4.375 -3.9000000953674316 4.074999809265137 -3.9000000953674316
line 4.375 -3.0 4.074999809265137 -3.0
line 4.074999809265137 -3.9000000953674316 4.074999809265137 -3.0
line 4.375 -3.0 4.375 -3.9000000953674316
line 5.099999904632568 2.700000047683716 -5.099999904632568 2.700000047683716
line 5.099999904632568 -2.700000047683716 -5.099999904632568 -2.700000047683716
line 5.099999904632568 2.700000047683716 5.099999904632568 -2.700000047683716
line -5.099999904632568 2.700000047683716 -5.099999904632568 -2.700000047683716
line 4.900000095367432 2.799999952316284 5.200000286102295 2.799999952316284
line 5.200000286102295 2.799999952316284 5.200000286102295 2.5
label 1:~GPB0 4.200000286102295 1.5 -1.570796251296997 0.30000001192092896
label 2:~GPB1 3.5500001907348633 1.5 -1.570796251296997 0.30000001192092896
label 3:~GPB2 2.9000003337860107 1.5 -1.570796251296997 0.30000001192092896
label 4:~GPB3 2.250000238418579 1.5 -1.570796251296997 0.30000001192092896
label 5:~GPB4 1.6000003814697266 1.5 -1.570796251296997 0.30000001192092896
label 6:~GPB5 0.9500002861022949 1.5 -1.570796251296997 0.30000001192092896
label 7:~GPB6 0.3000004291534424 1.5 -1.570796251296997 0.30000001192092896
label 8:~GPB7 -0.34999966621398926 1.5 -1.570796251296997 0.30000001192092896
label 9:~Vcc -0.9999995231628418 1.5 -1.570796251296997 0.30000001192092896
label 10:~Gnd -1.6499996185302734 1.5 -1.570796251296997 0.30000001192092896
label 11:~CS_n -2.229999542236328 1.5 -1.570796251296997 0.30000001192092896
label 12:~SCK -2.8799996376037598 1.5 -1.570796251296997 0.30000001192092896
label 13:~SI -3.5299994945526123 1.5 -1.570796251296997 0.30000001192092896
label 14:~SO -4.179999351501465 1.5 -1.570796251296997 0.30000001192092896
label 28:~GPA7 4.200000286102295 -1.5 -1.570796251296997 0.30000001192092896
label 27:~GPA6 3.5500001907348633 -1.5 -1.570796251296997 0.30000001192092896
label 26:~GPA5 2.9000003337860107 -1.5 -1.570796251296997 0.30000001192092896
label 25:~GPA4 2.250000238418579 -1.5 -1.570796251296997 0.30000001192092896
label 24:~GPA3 1.6000003814697266 -1.5 -1.570796251296997 0.30000001192092896
label 23:~GPA2 0.9500002861022949 -1.5 -1.570796251296997 0.30000001192092896
label 22:~GPA1 0.3000004291534424 -1.5 -1.570796251296997 0.30000001192092896
label 21:~GPA0 -0.34999966621398926 -1.5 -1.570796251296997 0.30000001192092896
label 20:~INTA -0.9999995231628418 -1.5 -1.570796251296997 0.30000001192092896
label 19:~INTB -1.6499996185302734 -1.5 -1.570796251296997 0.30000001192092896
label 18:~RESET_n -2.229999542236328 -1.5 -1.570796251296997 0.30000001192092896
label 17:~A2 -2.8799996376037598 -1.5 -1.570796251296997 0.30000001192092896
label 16:~A1 -3.5299994945526123 -1.5 -1.570796251296997 0.30000001192092896
label 15:~A0 -4.179999351501465 -1.5 -1.570796251296997 0.30000001192092896
