via -1.550000786781311 0.7499999403953552 0.3499999923854077 0.6499999768857708
via 1.5499988794326782 -0.7499998211860657 0.3499999923854077 0.6499999768857708
layer GBL
mode C0.2
line -1.2699201107025146 0.7435753345489502 -1.549983263015747 0.7499963045120239
line -0.9944564700126648 0.6926203966140747 -1.2699201107025146 0.7435753345489502
line -0.7306281328201294 0.5984329581260681 -0.9944564700126648 0.6926203966140747
line -0.4851739704608917 0.46341872215270996 -0.7306281328201294 0.5984329581260681
line -0.2643631398677826 0.29102623462677 -0.4851739704608917 0.46341872215270996
line -0.07383556663990021 0.08565863966941833 -0.2643631398677826 0.29102623462677
line 1.2699201107025146 -0.7435750961303711 1.549983263015747 -0.7499960660934448
line 0.9944565892219543 -0.6926201581954956 1.2699201107025146 -0.7435750961303711
line 0.730628252029419 -0.5984328389167786 0.9944565892219543 -0.6926201581954956
line 0.4851740300655365 -0.4634186625480652 0.730628252029419 -0.5984328389167786
line 0.26436319947242737 -0.29102623462677 0.4851740300655365 -0.4634186625480652
line 0.0738355815410614 -0.08565863966941833 0.26436319947242737 -0.29102623462677
line 0.0738355815410614 -0.08565863966941833 -0.07383556663990021 0.08565863966941833
layer GTO
mode C0.2
line -1.549983263015747 -0.7499960660934448 -1.9999831914901733 -0.7499960660934448
line 1.2699201107025146 0.7435753345489502 1.549983263015747 0.7499963045120239
line 0.9944564700126648 0.6926203966140747 1.2699201107025146 0.7435753345489502
line 0.7306281328201294 0.5984329581260681 0.9944564700126648 0.6926203966140747
line 0.4851739704608917 0.46341872215270996 0.7306281328201294 0.5984329581260681
line 0.2643631398677826 0.29102623462677 0.4851739704608917 0.46341872215270996
line 0.07383556663990021 0.08565863966941833 0.2643631398677826 0.29102623462677
line -1.2699201107025146 -0.7435750961303711 -1.549983263015747 -0.7499960660934448
line -0.9944565892219543 -0.6926201581954956 -1.2699201107025146 -0.7435750961303711
line -0.730628252029419 -0.5984328389167786 -0.9944565892219543 -0.6926201581954956
line -0.4851740300655365 -0.4634186625480652 -0.730628252029419 -0.5984328389167786
line -0.26436319947242737 -0.29102623462677 -0.4851740300655365 -0.4634186625480652
line -0.0738355815410614 -0.08565863966941833 -0.26436319947242737 -0.29102623462677
line -0.0738355815410614 -0.08565863966941833 0.07383556663990021 0.08565863966941833
line 1.549983263015747 0.7499963045120239 1.999983310699463 0.7499963045120239
line -1.549983263015747 0.7499960660934448 -1.9999831914901733 0.7499960660934448
line 1.2699201107025146 -0.7435753345489502 1.549983263015747 -0.7499963045120239
line 0.9944564700126648 -0.6926203966140747 1.2699201107025146 -0.7435753345489502
line 0.7306281328201294 -0.5984329581260681 0.9944564700126648 -0.6926203966140747
line -1.2699201107025146 0.7435750961303711 -1.549983263015747 0.7499960660934448
line -0.9944565892219543 0.6926201581954956 -1.2699201107025146 0.7435750961303711
line -0.730628252029419 0.5984328389167786 -0.9944565892219543 0.6926201581954956
line 0.512817919254303 -0.4764637053012848 0.7306281328201294 -0.5984329581260681
line -0.730628252029419 0.5984328389167786 -0.5128179788589478 0.47646385431289673
line 1.549983263015747 -0.7499963045120239 1.999983310699463 -0.7499963045120239
line 0.6040210723876953 -0.30001866817474365 0.512817919254303 -0.4764637053012848
line 0.6032675504684448 -0.07789859175682068 0.6040210723876953 -0.30001866817474365
line 0.5106720328330994 0.1560809314250946 0.6032675504684448 -0.07789859175682068
line 0.3403312861919403 0.36629852652549744 0.5106720328330994 0.1560809314250946
line 0.11817818880081177 0.5207505226135254 0.3403312861919403 0.36629852652549744
line -0.12196645140647888 0.5959229469299316 0.11817818880081177 0.5207505226135254
line -0.34354281425476074 0.5803714990615845 -0.12196645140647888 0.5959229469299316
line -0.5128179788589478 0.47646385431289673 -0.34354281425476074 0.5803714990615845
layer GTL
mode C0.2
line 1.9999831914901733 0.7499960660934448 1.549983263015747 0.7499960660934448
line -1.549983263015747 -0.7499963045120239 -1.2699201107025146 -0.7435753345489502
line -1.2699201107025146 -0.7435753345489502 -0.9944564700126648 -0.6926203966140747
line -0.9944564700126648 -0.6926203966140747 -0.7306281328201294 -0.5984329581260681
line -0.7306281328201294 -0.5984329581260681 -0.4851739704608917 -0.46341872215270996
line -0.4851739704608917 -0.46341872215270996 -0.2643631398677826 -0.29102623462677
line -0.2643631398677826 -0.29102623462677 -0.07383556663990021 -0.08565863966941833
line 1.2699201107025146 0.7435750961303711 1.549983263015747 0.7499960660934448
line 0.9944565892219543 0.6926201581954956 1.2699201107025146 0.7435750961303711
line 0.730628252029419 0.5984328389167786 0.9944565892219543 0.6926201581954956
line 0.4851740300655365 0.4634186625480652 0.730628252029419 0.5984328389167786
line 0.26436319947242737 0.29102623462677 0.4851740300655365 0.4634186625480652
line 0.0738355815410614 0.08565863966941833 0.26436319947242737 0.29102623462677
line -0.07383556663990021 -0.08565863966941833 0.0738355815410614 0.08565863966941833
line -1.999983310699463 -0.7499963045120239 -1.549983263015747 -0.7499963045120239
line 1.549983263015747 -0.7500036954879761 1.9999831914901733 -0.7500036954879761
line -1.9999829530715942 0.7500039339065552 -1.549983263015747 0.7500039339065552
layer GTL
label >X -2.0000016689300537 -0.7500001192092896 0.0 0.30000001192092896
layer GTL
label >Y 1.999997854232788 0.7499996423721313 0.0 0.30000001192092896
layer GTL
label >B 1.999997854232788 -0.7500001192092896 0.0 0.30000001192092896
layer GTL
label >A -2.0000016689300537 0.7499996423721313 0.0 0.30000001192092896
