line -1.0 -1.5 -1.0 1.5
line 1.0 -1.5 1.0 1.5
line 1.0 -1.5 0.5800000429153442 -1.5
line 0.5800000429153442 -1.5 0.5800000429153442 -1.649999976158142
line 0.5800000429153442 -1.649999976158142 0.4800000488758087 -1.649999976158142
line 0.4800000488758087 -1.649999976158142 0.4800000488758087 -1.7999999523162842
line 0.17000003159046173 -1.7999999523162842 0.17000003159046173 -1.649999976158142
line -0.4800000488758087 -1.7999999523162842 -0.17000003159046173 -1.7999999523162842
line -0.17000003159046173 -1.7999999523162842 -0.17000003159046173 -1.649999976158142
line 0.4800000488758087 -1.7999999523162842 0.17000003159046173 -1.7999999523162842
line -0.4800000488758087 -1.649999976158142 -0.4800000488758087 -1.7999999523162842
line -0.5800000429153442 -1.649999976158142 -0.4800000488758087 -1.649999976158142
line -0.5800000429153442 -1.5 -0.5800000429153442 -1.649999976158142
line -1.0 -1.5 -0.5800000429153442 -1.5
line 0.17000003159046173 -1.649999976158142 -0.17000003159046173 -1.649999976158142
line 0.17000003159046173 1.649999976158142 -0.17000003159046173 1.649999976158142
line -1.0 1.5 -0.5800000429153442 1.5
line -0.5800000429153442 1.5 -0.5800000429153442 1.649999976158142
line -0.5800000429153442 1.649999976158142 -0.4800000488758087 1.649999976158142
line -0.4800000488758087 1.649999976158142 -0.4800000488758087 1.7999999523162842
line 0.4800000488758087 1.7999999523162842 0.17000003159046173 1.7999999523162842
line -0.17000003159046173 1.7999999523162842 -0.17000003159046173 1.649999976158142
line -0.4800000488758087 1.7999999523162842 -0.17000003159046173 1.7999999523162842
line 0.17000003159046173 1.7999999523162842 0.17000003159046173 1.649999976158142
line 0.4800000488758087 1.649999976158142 0.4800000488758087 1.7999999523162842
line 0.5800000429153442 1.649999976158142 0.4800000488758087 1.649999976158142
line 0.5800000429153442 1.5 0.5800000429153442 1.649999976158142
line 1.0 1.5 0.5800000429153442 1.5
line -3.200000047683716 -0.20000000298023224 -2.5 -0.20000000298023224
line -2.5 -1.100000023841858 -2.5 -0.8500000834465027
line -2.5 -0.20000000298023224 -2.5 -0.44999998807907104
line -3.200000047683716 0.20000000298023224 -2.5 0.20000000298023224
line -3.200000047683716 0.44999998807907104 -2.5 0.44999998807907104
line -2.5 0.20000000298023224 -2.5 0.44999998807907104
line -3.200000047683716 0.44999998807907104 -3.200000047683716 0.20000000298023224
line -3.200000047683716 -0.44999998807907104 -3.200000047683716 -0.20000000298023224
line -3.200000047683716 -0.44999998807907104 -2.5 -0.44999998807907104
line -2.5 -1.5000001192092896 -2.5 -1.75
line -3.200000047683716 -1.75 -2.5 -1.75
line -3.200000047683716 -1.75 -3.200000047683716 -1.5000001192092896
line -3.200000047683716 -0.8500000834465027 -3.200000047683716 -1.100000023841858
line -3.200000047683716 -0.8500000834465027 -2.5 -0.8500000834465027
line -3.200000047683716 -1.100000023841858 -2.5 -1.100000023841858
line -3.200000047683716 -1.5000001192092896 -2.5 -1.5000001192092896
line -3.200000047683716 -2.8000001907348633 -2.5 -2.8000001907348633
line -3.200000047683716 -2.4000000953674316 -2.5 -2.4000000953674316
line -3.200000047683716 -2.1500000953674316 -2.5 -2.1500000953674316
line -3.200000047683716 -2.1500000953674316 -3.200000047683716 -2.4000000953674316
line -3.200000047683716 -3.0500001907348633 -3.200000047683716 -2.8000001907348633
line -3.200000047683716 -3.0500001907348633 -2.5 -3.0500001907348633
line -2.5 -2.8000001907348633 -2.5 -3.0500001907348633
line -2.5 -2.4000000953674316 -2.5 -2.1500000953674316
line -2.5 1.5 -2.5 1.75
line -2.5 1.0999999046325684 -2.5 0.8499999046325684
line -3.200000047683716 0.8499999046325684 -2.5 0.8499999046325684
line -3.200000047683716 0.8499999046325684 -3.200000047683716 1.0999999046325684
line -3.200000047683716 1.75 -3.200000047683716 1.5
line -3.200000047683716 1.75 -2.5 1.75
line -3.200000047683716 1.5 -2.5 1.5
line -3.200000047683716 1.0999999046325684 -2.5 1.0999999046325684
line -3.200000047683716 2.4000000953674316 -2.5 2.4000000953674316
line -3.200000047683716 2.8000001907348633 -2.5 2.8000001907348633
line -3.200000047683716 3.0500001907348633 -2.5 3.0500001907348633
line -3.200000047683716 3.0500001907348633 -3.200000047683716 2.8000001907348633
line -3.200000047683716 2.1500000953674316 -3.200000047683716 2.4000000953674316
line -3.200000047683716 2.1500000953674316 -2.5 2.1500000953674316
line -2.5 2.4000000953674316 -2.5 2.1500000953674316
line -2.5 2.8000001907348633 -2.5 3.0500001907348633
line 2.5 2.8000001907348633 2.5 3.0500001907348633
line 2.5 2.4000000953674316 2.5 2.1500000953674316
line 3.200000047683716 2.1500000953674316 2.5 2.1500000953674316
line 3.200000047683716 2.1500000953674316 3.200000047683716 2.4000000953674316
line 3.200000047683716 3.0500001907348633 3.200000047683716 2.8000001907348633
line 3.200000047683716 3.0500001907348633 2.5 3.0500001907348633
line 3.200000047683716 2.8000001907348633 2.5 2.8000001907348633
line 3.200000047683716 2.4000000953674316 2.5 2.4000000953674316
line 3.200000047683716 1.0999999046325684 2.5 1.0999999046325684
line 3.200000047683716 1.5 2.5 1.5
line 3.200000047683716 1.75 2.5 1.75
line 3.200000047683716 1.75 3.200000047683716 1.5
line 3.200000047683716 0.8499999046325684 3.200000047683716 1.0999999046325684
line 3.200000047683716 0.8499999046325684 2.5 0.8499999046325684
line 2.5 1.0999999046325684 2.5 0.8499999046325684
line 2.5 1.5 2.5 1.75
line 2.5 -2.4000000953674316 2.5 -2.1500000953674316
line 2.5 -2.8000001907348633 2.5 -3.0500001907348633
line 3.200000047683716 -3.0500001907348633 2.5 -3.0500001907348633
line 3.200000047683716 -3.0500001907348633 3.200000047683716 -2.8000001907348633
line 3.200000047683716 -2.1500000953674316 3.200000047683716 -2.4000000953674316
line 3.200000047683716 -2.1500000953674316 2.5 -2.1500000953674316
line 3.200000047683716 -2.4000000953674316 2.5 -2.4000000953674316
line 3.200000047683716 -2.8000001907348633 2.5 -2.8000001907348633
line 3.200000047683716 -1.5000001192092896 2.5 -1.5000001192092896
line 3.200000047683716 -1.100000023841858 2.5 -1.100000023841858
line 3.200000047683716 -0.8500000834465027 2.5 -0.8500000834465027
line 3.200000047683716 -0.8500000834465027 3.200000047683716 -1.100000023841858
line 3.200000047683716 -1.75 3.200000047683716 -1.5000001192092896
line 3.200000047683716 -1.75 2.5 -1.75
line 2.5 -1.5000001192092896 2.5 -1.75
line 3.200000047683716 -0.44999998807907104 2.5 -0.44999998807907104
line 3.200000047683716 -0.44999998807907104 3.200000047683716 -0.20000000298023224
line 3.200000047683716 0.44999998807907104 3.200000047683716 0.20000000298023224
line 2.5 0.20000000298023224 2.5 0.44999998807907104
line 3.200000047683716 0.44999998807907104 2.5 0.44999998807907104
line 3.200000047683716 0.20000000298023224 2.5 0.20000000298023224
line 2.5 -0.20000000298023224 2.5 -0.44999998807907104
line 2.5 -1.100000023841858 2.5 -0.8500000834465027
line 3.200000047683716 -0.20000000298023224 2.5 -0.20000000298023224
line 2.200000286102295 -3.250000238418579 -2.200000286102295 -3.250000238418579
line 2.200000286102295 3.250000238418579 -2.200000286102295 3.250000238418579
line 2.200000286102295 -3.250000238418579 2.200000286102295 3.250000238418579
line -2.200000286102295 -3.250000238418579 -2.200000286102295 3.250000238418579
line -2.3000001907348633 3.0500001907348633 -2.3000001907348633 3.3500001430511475
line -2.3000001907348633 3.3500001430511475 -2.000000238418579 3.3500001430511475
label IN -1.5999999046325684 2.2750003337860107 -1.1920928955078125e-07 0.30000001192092896
label IN -1.5999999046325684 1.6250001192092896 -1.1920928955078125e-07 0.30000001192092896
label B_GATE -1.5999999046325684 0.975000262260437 -1.1920928955078125e-07 0.30000001192092896
label DRV -1.5999999046325684 0.3250000476837158 -1.1920928955078125e-07 0.30000001192092896
label IN_SYS -1.5999999046325684 -0.3249998092651367 -1.1920928955078125e-07 0.30000001192092896
label UVLO -1.5999999046325684 -0.9750000238418579 -1.1920928955078125e-07 0.30000001192092896
label OVP -1.5999999046325684 -1.6249998807907104 -1.1920928955078125e-07 0.30000001192092896
label GND -1.5999999046325684 -2.2750000953674316 -1.1920928955078125e-07 0.30000001192092896
label dVdT -1.5999999046325684 -2.924999952316284 -1.1920928955078125e-07 0.30000001192092896
label OUT 1.5999999046325684 2.9250001907348633 -1.1920928955078125e-07 0.30000001192092896
label OUT 1.5999999046325684 2.2750003337860107 -1.1920928955078125e-07 0.30000001192092896
label OUT 1.5999999046325684 1.6250001192092896 -1.1920928955078125e-07 0.30000001192092896
label PGOOD 1.5999999046325684 0.975000262260437 -1.1920928955078125e-07 0.30000001192092896
label PGTH 1.5999999046325684 0.3250000476837158 -1.1920928955078125e-07 0.30000001192092896
label FLT_n 1.5999999046325684 -0.3249998092651367 -1.1920928955078125e-07 0.30000001192092896
label IMON 1.5999999046325684 -0.9750000238418579 -1.1920928955078125e-07 0.30000001192092896
label SHDN_n 1.5999999046325684 -1.6249998807907104 -1.1920928955078125e-07 0.30000001192092896
label MODE 1.5999999046325684 -2.2750000953674316 -1.1920928955078125e-07 0.30000001192092896
label ILIM 1.5999999046325684 -2.924999952316284 -1.1920928955078125e-07 0.30000001192092896
label GND 0.0 1.0 -1.1920928955078125e-07 0.30000001192092896
label TPS26631 0.0 2.3999998569488525 -1.1920928955078125e-07 0.30000001192092896
label hot-swap 0.0 -2.3000001907348633 -1.1920928955078125e-07 0.30000001192092896
label controller 0.0 -2.6000001430511475 -1.1920928955078125e-07 0.30000001192092896
label IN -1.5999999046325684 2.9250001907348633 -1.1920928955078125e-07 0.30000001192092896
