line 1.0699999332427979 0.20000000298023224 1.4700000286102295 0.20000000298023224
line 1.4700000286102295 0.20000000298023224 1.4700000286102295 -0.20000000298023224
line 1.4700000286102295 -0.20000000298023224 1.0699999332427979 -0.20000000298023224
line 1.0699999332427979 0.20000000298023224 1.0699999332427979 -0.20000000298023224
line -1.4700000286102295 0.20000000298023224 -1.0699999332427979 0.20000000298023224
line -1.0699999332427979 0.20000000298023224 -1.0699999332427979 -0.20000000298023224
line -1.0699999332427979 -0.20000000298023224 -1.4700000286102295 -0.20000000298023224
line -1.4700000286102295 0.20000000298023224 -1.4700000286102295 -0.20000000298023224
line -0.20000001788139343 0.20000000298023224 -0.20000001788139343 -0.20000000298023224
line 0.19999998807907104 -0.20000000298023224 -0.20000001788139343 -0.20000000298023224
line 0.19999998807907104 0.20000000298023224 0.19999998807907104 -0.20000000298023224
line -0.20000001788139343 0.20000000298023224 0.19999998807907104 0.20000000298023224
line 1.9049999713897705 1.0499999523162842 -1.9049999713897705 1.0499999523162842
line 1.9049999713897705 -1.0499999523162842 -1.9049999713897705 -1.0499999523162842
line -1.9049999713897705 1.0499999523162842 -1.9049999713897705 -1.0499999523162842
line 1.9049999713897705 1.0499999523162842 1.9049999713897705 -1.0499999523162842
