line -0.03000001423060894 -0.07999999821186066 0.029999982565641403 -0.2199999839067459
line -0.4000000059604645 -0.4000000059604645 0.4000000059604645 -0.4000000059604645
line -0.30000001192092896 -0.14999999105930328 -0.18000000715255737 -0.14999999105930328
line 0.800000011920929 0.4000000059604645 0.800000011920929 -0.4000000059604645
line -0.800000011920929 0.4000000059604645 -0.4000000059604645 0.4000000059604645
line -0.800000011920929 -0.4000000059604645 -0.800000011920929 0.4000000059604645
line -0.4000000059604645 0.4000000059604645 -0.4000000059604645 -0.4000000059604645
line 0.4000000059604645 0.4000000059604645 -0.4000000059604645 0.4000000059604645
line -0.4000000059604645 -0.4000000059604645 -0.800000011920929 -0.4000000059604645
line 0.800000011920929 0.4000000059604645 0.4000000059604645 0.4000000059604645
line 0.4000000059604645 -0.4000000059604645 0.4000000059604645 0.4000000059604645
line 0.800000011920929 -0.4000000059604645 0.4000000059604645 -0.4000000059604645
line -0.09000001847743988 -0.2199999839067459 -0.03000001423060894 -0.07999999821186066
line -0.15000000596046448 -0.07999999821186066 -0.09000001847743988 -0.2199999839067459
line -0.18000000715255737 -0.14999999105930328 -0.15000000596046448 -0.07999999821186066
line 0.30000001192092896 -0.14999999105930328 0.17999999225139618 -0.14999999105930328
line 0.0899999812245369 -0.07999999821186066 0.14999999105930328 -0.2199999839067459
line 0.14999999105930328 -0.2199999839067459 0.17999999225139618 -0.14999999105930328
line 0.029999982565641403 -0.2199999839067459 0.0899999812245369 -0.07999999821186066
label UC 0.0 0.20000001788139343 0.0 0.30000001192092896
