line -1.0499999523162842 0.7900000214576721 -1.0499999523162842 0.5099999904632568
line -1.0499999523162842 0.5099999904632568 -0.6999999284744263 0.5099999904632568
line -0.6999999284744263 0.5099999904632568 -0.6999999284744263 0.7899999618530273
line -0.6999999284744263 0.7899999618530273 -1.0499999523162842 0.7899999618530273
line -1.0499999523162842 0.5099999904632568 -1.0499999523162842 0.7899999618530273
line -1.0499999523162842 0.14000000059604645 -1.0499999523162842 -0.14000003039836884
line -1.0499999523162842 -0.14000003039836884 -0.6999999284744263 -0.14000003039836884
line -0.6999999284744263 -0.14000003039836884 -0.6999999284744263 0.13999994099140167
line -0.6999999284744263 0.13999994099140167 -1.0499999523162842 0.13999994099140167
line -1.0499999523162842 -0.14000003039836884 -1.0499999523162842 0.13999994099140167
line -1.0499999523162842 -0.7900000810623169 -1.0499999523162842 -0.5100001096725464
line -0.6999999284744263 -0.5100001096725464 -1.0499999523162842 -0.5100001096725464
line -1.0499999523162842 -0.7900000810623169 -0.6999999284744263 -0.7900000810623169
line -1.0499999523162842 -0.5100000500679016 -1.0499999523162842 -0.7900000810623169
line -0.6999999284744263 -0.7900000810623169 -0.6999999284744263 -0.5100001096725464
line 1.0499999523162842 0.7900000214576721 1.0499999523162842 0.5099999904632568
line 1.0499999523162842 0.5099999904632568 0.6999999284744263 0.5099999904632568
line 0.6999999284744263 0.5099999904632568 0.6999999284744263 0.7899999618530273
line 0.6999999284744263 0.7899999618530273 1.0499999523162842 0.7899999618530273
line 1.0499999523162842 0.5099999904632568 1.0499999523162842 0.7899999618530273
line 1.0499999523162842 0.14000000059604645 1.0499999523162842 -0.14000003039836884
line 1.0499999523162842 -0.14000003039836884 0.6999999284744263 -0.14000003039836884
line 0.6999999284744263 -0.14000003039836884 0.6999999284744263 0.13999994099140167
line 0.6999999284744263 0.13999994099140167 1.0499999523162842 0.13999994099140167
line 1.0499999523162842 -0.14000003039836884 1.0499999523162842 0.13999994099140167
line 1.0499999523162842 -0.7900000810623169 1.0499999523162842 -0.5100001096725464
line 0.6999999284744263 -0.5100001096725464 1.0499999523162842 -0.5100001096725464
line 1.0499999523162842 -0.7900000810623169 0.6999999284744263 -0.7900000810623169
line 1.0499999523162842 -0.5100000500679016 1.0499999523162842 -0.7900000810623169
line 0.6999999284744263 -0.7900000810623169 0.6999999284744263 -0.5100001096725464
line -0.20000000298023224 0.10000002384185791 0.20000001788139343 0.10000002384185791
line -0.20000000298023224 -0.19999998807907104 -0.20000000298023224 0.10000002384185791
line 0.0 -0.30000001192092896 -0.20000000298023224 -0.19999998807907104
line 0.20000000298023224 -0.19999998807907104 0.0 -0.30000001192092896
line 0.20000001788139343 0.10000002384185791 0.20000000298023224 -0.19999998807907104
line 0.0 -0.30000001192092896 -0.04999999701976776 -0.3500000238418579
line -0.04999999701976776 -0.3500000238418579 0.0 -0.40000003576278687
line 0.0 -0.40000003576278687 0.04999999701976776 -0.3500000238418579
line 0.0 -0.30000001192092896 0.04999999701976776 -0.3500000238418579
line 0.0 -0.40000003576278687 0.0 -0.6500000357627869
line 0.0 -0.6500000357627869 0.6000000238418579 -0.6500000357627869
line -0.6000000238418579 -0.6500000357627869 -0.30000001192092896 -0.6500000357627869
line -0.30000001192092896 -0.6500000357627869 -0.30000001192092896 0.20000001788139343
line -0.30000001192092896 0.20000001788139343 -0.10000000894069672 0.20000001788139343
line -0.10000000894069672 0.20000001788139343 -0.10000000894069672 0.10000001639127731
line -7.450580596923828e-09 0.10000001639127731 -7.450580596923828e-09 0.6500000357627869
line -7.450580596923828e-09 0.6500000357627869 -0.6000000238418579 0.6500000357627869
line 0.09999999403953552 0.10000001639127731 0.09999999403953552 0.6500000357627869
line 0.09999999403953552 0.6500000357627869 0.6000000238418579 0.6500000357627869
line 0.5 0.10000000149011612 0.5 -0.10000000149011612
line 0.6000000238418579 0.0 0.40000003576278687 0.0
line -0.3999999761581421 0.0 -0.5999999642372131 0.0
line -0.699999988079071 0.9000000357627869 -0.5999999642372131 0.9000000357627869
line -0.5999999642372131 0.9000000357627869 -0.5999999642372131 0.800000011920929
