line -0.07000000774860382 -0.14999999105930328 -0.07000000774860382 0.0
line -0.4000000059604645 -0.4000000059604645 0.4000000059604645 -0.4000000059604645
line -0.30000001192092896 -0.14999999105930328 -0.07000000774860382 -0.14999999105930328
line 0.800000011920929 0.4000000059604645 0.800000011920929 -0.4000000059604645
line -0.800000011920929 0.4000000059604645 -0.4000000059604645 0.4000000059604645
line -0.800000011920929 -0.4000000059604645 -0.800000011920929 0.4000000059604645
line -0.4000000059604645 0.4000000059604645 -0.4000000059604645 -0.4000000059604645
line 0.4000000059604645 0.4000000059604645 -0.4000000059604645 0.4000000059604645
line -0.4000000059604645 -0.4000000059604645 -0.800000011920929 -0.4000000059604645
line 0.800000011920929 0.4000000059604645 0.4000000059604645 0.4000000059604645
line 0.4000000059604645 -0.4000000059604645 0.4000000059604645 0.4000000059604645
line 0.800000011920929 -0.4000000059604645 0.4000000059604645 -0.4000000059604645
line -0.07000000774860382 -0.14999999105930328 -0.07000000774860382 -0.30000001192092896
line 0.06999999284744263 -0.14999999105930328 0.06999999284744263 0.0
line 0.06999999284744263 -0.14999999105930328 0.06999999284744263 -0.30000001192092896
line 0.06999999284744263 -0.14999999105930328 0.30000001192092896 -0.14999999105930328
label 100nF 0.0 0.20000001788139343 0.0 0.30000001192092896
