line -0.6999998688697815 0.0 -0.2999998927116394 0.0
line -0.2999998927116394 0.0 -0.2999998927116394 0.30000001192092896
line -0.2999998927116394 0.30000001192092896 0.2000000923871994 0.0
line 0.2000000923871994 0.0 0.2000000923871994 0.30000001192092896
line -0.2999998927116394 0.0 -0.2999998927116394 -0.30000001192092896
line 0.2000000923871994 0.0 -0.2999998927116394 -0.30000001192092896
line 0.2000000923871994 0.0 0.2000000923871994 -0.30000001192092896
line 0.2000000923871994 0.0 0.699999988079071 0.0
line -1.5999999046325684 0.800000011920929 1.5999999046325684 0.800000011920929
line -1.5999999046325684 -0.800000011920929 1.5999999046325684 -0.800000011920929
line -1.5999999046325684 0.800000011920929 -1.5999999046325684 -0.800000011920929
line 1.5999999046325684 0.800000011920929 1.5999999046325684 -0.800000011920929
line 0.7499998807907104 0.800000011920929 0.7499998807907104 -0.800000011920929
line -0.7499998807907104 0.800000011920929 -0.7499998807907104 -0.800000011920929
label GATE 0.0 0.6000000238418579 0.0 0.30000001192092896
label LTST-C230 0.0 -0.6000000238418579 0.0 0.30000001192092896
