line -2.200000286102295 4.5 -2.700000286102295 4.0
line 2.700000047683716 3.0 2.700000047683716 4.0
line 2.700000047683716 4.0 2.1999998092651367 4.5
line 2.1999998092651367 4.5 -2.200000286102295 4.5
line -2.700000286102295 4.0 -2.700000286102295 3.0
line -2.700000286102295 3.0 -2.4000003337860107 3.0
line -2.4000003337860107 3.0 -2.4000003337860107 -0.6000000238418579
line -2.4000003337860107 -0.6000000238418579 2.3999998569488525 -0.6000000238418579
line 2.3999998569488525 -0.6000000238418579 2.3999998569488525 3.0
line 2.700000047683716 3.0 2.3999998569488525 3.0
line -2.630000352859497 -5.0 -1.9700002670288086 -5.0
line -2.630000352859497 -3.5699996948242188 -1.9700002670288086 -3.5699996948242188
line -1.9700002670288086 -5.0 -1.9700002670288086 -3.5699996948242188
line -2.630000352859497 -3.5699996948242188 -2.630000352859497 -5.0
line 1.9699996709823608 -5.0 2.6299996376037598 -5.0
line 1.9699996709823608 -3.5699996948242188 2.6299996376037598 -3.5699996948242188
line 2.6299996376037598 -5.0 2.6299996376037598 -3.5699996948242188
line 1.9699996709823608 -3.5699996948242188 1.9699996709823608 -5.0
line -3.299999952316284 -2.6000001430511475 3.299999952316284 -2.6000001430511475
line 3.299999952316284 -2.6000001430511475 3.299999952316284 3.0999999046325684
line 3.299999952316284 3.0999999046325684 2.6999998092651367 3.0999999046325684
line -3.299999952316284 3.0999999046325684 -3.299999952316284 -2.6000001430511475
line -2.6999998092651367 3.0999999046325684 -3.299999952316284 3.0999999046325684
line -2.299999952316284 -3.500000238418579 -2.299999952316284 -2.6000001430511475
line 2.299999952316284 -3.500000238418579 2.299999952316284 -2.6000001430511475
label In -2.299999952316284 -2.3999998569488525 0.0 0.30000001192092896
label Out 2.299999952316284 -2.3999998569488525 0.0 0.30000001192092896
label Gnd 0.0 -0.7999998331069946 0.0 0.30000001192092896
label 3V3~1A~vreg 0.0 -1.5999999046325684 0.0 0.30000001192092896
label BD33FC0 0.0 -1.9999998807907104 0.0 0.30000001192092896
