line -0.15000006556510925 0.3499999940395355 0.14999991655349731 -0.34999993443489075
line -4.400000095367432 3.725290298461914e-08 -0.9000000357627869 3.725290298461914e-08
line -0.4500001072883606 -0.34999993443489075 -0.15000006556510925 0.3499999940395355
line -0.75 0.3499999940395355 -0.4500001072883606 -0.34999993443489075
line -0.9000000357627869 3.725290298461914e-08 -0.75 0.3499999940395355
line 4.400000095367432 3.725290298461914e-08 0.8999999761581421 3.725290298461914e-08
line 0.4499998986721039 0.3499999940395355 0.7499999403953552 -0.34999993443489075
line 0.7499999403953552 -0.34999993443489075 0.8999999761581421 3.725290298461914e-08
line 0.14999991655349731 -0.34999993443489075 0.4499998986721039 0.3499999940395355
line 4.5 -0.4000002145767212 5.0 -0.4000002145767212
line -4.5 -0.4000002145767212 -5.0 -0.4000002145767212
line -4.5 -2.000000238418579 4.5 -2.000000238418579
line 4.5 0.4000002145767212 5.0 0.4000002145767212
line -4.5 0.4000002145767212 -5.0 0.4000002145767212
line -5.0 -0.4000002145767212 -5.0 0.4000002145767212
line 5.0 -0.4000002145767212 5.0 0.4000002145767212
line -4.5 2.000000238418579 4.5 2.000000238418579
line -4.5 -2.000000238418579 -4.5 2.000000238418579
line 4.5 -2.000000238418579 4.5 2.000000238418579
line 6.752511978149414 -0.24748802185058594 6.649999618530273 0.0
line 7.247487545013428 0.24748659133911133 7.349999904632568 -4.76837158203125e-07
line 6.649999618530273 0.0 6.752512454986572 0.24748754501342773
line 7.349999904632568 -4.76837158203125e-07 7.247487545013428 -0.24748754501342773
line -7.349999904632568 -4.76837158203125e-07 -7.247487545013428 -0.24748754501342773
line -6.649999618530273 0.0 -6.752512454986572 0.24748754501342773
line -7.247487545013428 0.24748659133911133 -7.349999904632568 -4.76837158203125e-07
line -6.752511978149414 -0.24748802185058594 -6.649999618530273 0.0
line -7.000000476837158 0.34999895095825195 -7.247487545013428 0.24748659133911133
line -7.0 -0.35000133514404297 -6.752511978149414 -0.24748802185058594
line -7.0 -0.35000133514404297 -5.0 -0.3500000238418579
line -7.000000476837158 0.34999895095825195 -5.0 0.3500000238418579
line -7.247487545013428 -0.24748754501342773 -7.0 -0.35000133514404297
line -6.752512454986572 0.24748754501342773 -7.000000476837158 0.34999895095825195
line 7.000000476837158 0.34999895095825195 7.247487545013428 0.24748659133911133
line 7.0 -0.35000133514404297 6.752511978149414 -0.24748802185058594
line 7.247487545013428 -0.24748754501342773 7.0 -0.35000133514404297
line 6.752512454986572 0.24748754501342773 7.000000476837158 0.34999895095825195
line 5.0 0.3500000238418579 7.000000476837158 0.34999895095825195
line 5.0 -0.3500000238418579 7.0 -0.35000133514404297
label 1Meg 0.0 0.6000000238418579 0.0 0.30000001192092896
label 0.5W 0.0 -0.6000000238418579 0.0 0.30000001192092896
label 3500V 0.0 -1.0 0.0 0.30000001192092896
