line 1.0999999046325684 -0.7500001192092896 0.5499997735023499 -0.75
line 0.5499998927116394 -0.2500000596046448 1.0999999046325684 -0.25000011920928955
line 0.5499997735023499 -0.75 0.5499998927116394 -0.2500000596046448
line 0.09999992698431015 0.5 -0.10000007599592209 0.3999999761581421
line 0.09999992698431015 0.5 0.24999994039535522 0.49999991059303284
line -0.10000007599592209 0.6000000238418579 0.09999992698431015 0.5
line -0.10000007599592209 0.3999999761581421 -0.10000007599592209 0.6000000238418579
line -0.25000011920928955 0.5 -0.10000007599592209 0.5
line 1.0999999046325684 -0.25000011920928955 1.0999999046325684 -0.7500001192092896
line 1.0999999046325684 0.7499998807907104 0.550000011920929 0.75
line 0.5499998927116394 0.24999994039535522 1.0999999046325684 0.24999991059303284
line 0.550000011920929 0.75 0.5499998927116394 0.24999994039535522
line 1.0999999046325684 0.24999991059303284 1.0999999046325684 0.7499998807907104
line -1.0999999046325684 -0.7499998807907104 -0.550000011920929 -0.75
line -0.5499998927116394 -0.24999994039535522 -1.0999999046325684 -0.24999991059303284
line -0.550000011920929 -0.75 -0.5499998927116394 -0.24999994039535522
line -1.0999999046325684 -0.24999991059303284 -1.0999999046325684 -0.7499998807907104
line -1.0999999046325684 0.7500001192092896 -0.5499997735023499 0.75
line -0.5499998927116394 0.2500000596046448 -1.0999999046325684 0.25000011920928955
line -0.5499997735023499 0.75 -0.5499998927116394 0.2500000596046448
line -1.0999999046325684 0.25000011920928955 -1.0999999046325684 0.7500001192092896
line 0.09999992698431015 0.5999999642372131 0.09999992698431015 0.3999999761581421
line 0.1499999761581421 -0.09999990463256836 0.14999988675117493 0.09999997913837433
line 0.2499999701976776 -0.2999998927116394 0.04999995976686478 -0.2999998927116394
line 0.14999991655349731 -0.49999985098838806 0.1499999463558197 -0.2999998927116394
line 0.04999995231628418 -0.09999988973140717 0.25 -0.09999991953372955
line -0.15000003576278687 -0.2999998927116394 -0.2500000298023224 -0.09999985992908478
line -0.15000000596046448 -0.09999987483024597 -0.15000000596046448 0.10000011324882507
line -0.15000003576278687 -0.2999998927116394 -0.04999999701976776 -0.09999988973140717
line -0.05000001937150955 -0.2999998927116394 -0.25 -0.2999998927116394
line -0.15000006556510925 -0.49999985098838806 -0.15000003576278687 -0.2999998927116394
line -0.2500000298023224 -0.09999985992908478 -0.04999999701976776 -0.09999988973140717
line -0.25 -0.4999997913837433 -0.15000006556510925 -0.49999985098838806
line 0.24999991059303284 -0.49999991059303284 0.14999991655349731 -0.49999985098838806
line -0.2000000923871994 0.5 -0.2000000923871994 0.10000000894069672
line -0.2000000923871994 0.10000000894069672 0.14999988675117493 0.09999997913837433
line 0.1499999463558197 -0.2999998927116394 0.25 -0.09999991953372955
line 0.1499999463558197 -0.2999998927116394 0.04999995231628418 -0.09999988973140717
label A -0.3999999463558197 0.5 -6.283185958862305 0.30000001192092896
label R -0.40000006556510925 -0.5 -6.283185958862305 0.30000001192092896
label G 0.3999999463558197 -0.5 -6.283185958862305 0.30000001192092896
label B 0.40000006556510925 0.5 -6.283185958862305 0.30000001192092896
